2.080000E+01 3.185892E+04   1.789082E+02
2.240000E+01 2.372112E+04   1.213575E+02
2.400000E+01 1.783631E+04   7.860190E+01
2.560000E+01 1.393669E+04   6.646250E+01
2.720000E+01 1.094607E+04   4.836816E+01
2.880000E+01 8.736453E+03   3.848995E+01
3.040000E+01 7.088046E+03   3.186839E+01
3.200000E+01 5.761783E+03   2.377452E+01
3.360000E+01 4.723786E+03   1.897353E+01
3.520000E+01 3.972367E+03   1.701794E+01
3.680000E+01 3.333755E+03   1.491766E+01
3.840000E+01 2.823189E+03   1.219635E+01
4.000000E+01 2.411750E+03   1.061801E+01
4.160000E+01 2.044271E+03   8.682466E+00
4.320000E+01 1.771353E+03   7.854485E+00
4.480000E+01 1.531634E+03   6.724643E+00
4.640000E+01 1.332149E+03   6.009438E+00
4.800000E+01 1.173722E+03   5.371848E+00
4.960000E+01 1.018331E+03   4.606019E+00
5.120000E+01 9.028779E+02   4.235449E+00
5.280000E+01 7.902503E+02   3.758053E+00
5.440000E+01 7.117610E+02   3.444095E+00
5.600000E+01 6.329993E+02   3.069806E+00
5.760000E+01 5.667444E+02   2.880069E+00
5.920000E+01 5.028413E+02   2.822166E+00
6.080000E+01 4.552240E+02   2.637869E+00
6.240000E+01 4.094147E+02   2.340250E+00
6.400000E+01 3.699049E+02   2.128312E+00
6.560000E+01 3.323702E+02   1.884177E+00
6.720000E+01 3.055756E+02   1.700864E+00
6.880000E+01 2.788515E+02   1.563834E+00
7.040000E+01 2.515662E+02   1.687890E+00
7.200000E+01 2.335428E+02   1.976112E+00
7.360000E+01 2.112644E+02   1.939799E+00
7.520000E+01 1.977873E+02   1.898061E+00
7.680000E+01 1.793699E+02   1.762813E+00
7.840000E+01 1.659989E+02   1.611515E+00
8.000000E+01 1.505664E+02   1.459075E+00
8.160000E+01 1.421299E+02   1.355741E+00
8.320000E+01 1.286241E+02   1.224020E+00
8.480000E+01 1.192137E+02   1.123313E+00
8.640000E+01 1.090165E+02   1.030965E+00
8.800000E+01 1.037613E+02   9.626055E-01
8.960000E+01 9.584635E+01   8.842608E-01
9.120000E+01 9.022597E+01   8.196940E-01
9.280000E+01 8.396753E+01   7.570926E-01
9.440000E+01 7.880902E+01   7.061737E-01
9.600000E+01 7.396870E+01   6.931690E-01
9.760000E+01 6.930555E+01   6.409895E-01
9.920000E+01 6.489442E+01   6.032064E-01
1.008000E+02 6.195064E+01   5.692320E-01
1.024000E+02 5.541007E+01   5.180094E-01
1.040000E+02 5.309238E+01   4.898470E-01
1.056000E+02 4.956154E+01   5.211085E-01
1.072000E+02 4.702759E+01   1.087257E+00
1.088000E+02 4.286972E+01   1.070143E+00
1.104000E+02 4.195832E+01   1.122162E+00
1.120000E+02 4.031070E+01   1.074030E+00
1.136000E+02 3.670313E+01   9.521992E-01
1.152000E+02 3.552981E+01   9.614868E-01
1.168000E+02 3.346007E+01   8.643272E-01
1.184000E+02 3.246362E+01   8.955428E-01
1.200000E+02 3.137217E+01   1.067087E+00
1.216000E+02 2.709728E+01   9.905131E-01
1.232000E+02 2.585696E+01   9.739819E-01
1.248000E+02 2.581247E+01   9.634378E-01
1.264000E+02 2.436623E+01   9.192206E-01
1.280000E+02 2.394701E+01   9.005472E-01
1.296000E+02 2.096759E+01   8.228117E-01
1.312000E+02 2.071119E+01   8.099040E-01
1.328000E+02 1.944839E+01   7.556390E-01
1.344000E+02 1.741293E+01   6.864413E-01
1.360000E+02 1.787652E+01   6.849090E-01
1.376000E+02 1.682309E+01   6.417857E-01
1.392000E+02 1.625771E+01   6.153915E-01
1.408000E+02 1.519911E+01   5.712466E-01
1.424000E+02 1.526463E+01   5.652898E-01
1.440000E+02 1.407191E+01   5.269083E-01
1.456000E+02 1.407827E+01   5.124521E-01
1.472000E+02 1.362863E+01   4.959406E-01
1.488000E+02 1.244442E+01   4.582139E-01
1.504000E+02 1.197805E+01   4.406012E-01
1.520000E+02 1.185089E+01   4.259591E-01
1.536000E+02 1.162365E+01   4.146263E-01
1.552000E+02 1.008012E+01   3.799726E-01
1.568000E+02 9.993112E+00   3.728090E-01
1.584000E+02 9.495095E+00   3.551847E-01
1.600000E+02 9.309085E+00   3.416947E-01
1.616000E+02 8.155046E+00   3.079791E-01
1.632000E+02 8.707142E+00   3.151063E-01
1.648000E+02 8.224576E+00   2.995370E-01
1.664000E+02 8.318812E+00   2.981453E-01
1.680000E+02 8.142002E+00   2.872962E-01
1.696000E+02 7.007860E+00   2.568817E-01
1.712000E+02 6.943159E+00   2.510527E-01
1.728000E+02 6.787640E+00   2.448922E-01
1.744000E+02 6.610406E+00   2.333154E-01
1.760000E+02 6.351793E+00   2.252088E-01
1.776000E+02 6.174760E+00   2.164339E-01
1.792000E+02 5.879629E+00   2.089243E-01
1.808000E+02 5.614567E+00   1.980468E-01
1.824000E+02 5.708907E+00   1.948290E-01
1.840000E+02 5.064899E+00   1.776189E-01
1.856000E+02 5.066443E+00   1.733071E-01
1.872000E+02 4.920859E+00   1.691761E-01
1.888000E+02 4.830140E+00   1.653199E-01
1.904000E+02 4.749381E+00   1.601823E-01
1.920000E+02 4.139014E+00   1.449071E-01
1.936000E+02 4.550253E+00   1.520996E-01
1.952000E+02 4.099641E+00   1.396313E-01
1.968000E+02 3.702138E+00   1.275432E-01
1.984000E+02 3.850742E+00   1.296169E-01
2.000000E+02 3.887583E+00   1.280227E-01
2.016000E+02 3.506646E+00   1.181790E-01
2.032000E+02 3.516199E+00   1.172976E-01
2.048000E+02 3.260580E+00   1.096717E-01
2.064000E+02 3.119083E+00   1.038176E-01
2.080000E+02 3.212098E+00   1.044278E-01
2.096000E+02 3.061821E+00   9.935002E-02
2.112000E+02 2.912912E+00   9.587923E-02
2.128000E+02 2.815207E+00   9.224375E-02
2.144000E+02 2.997332E+00   9.328924E-02
2.160000E+02 2.818878E+00   8.936392E-02
2.176000E+02 2.742833E+00   8.674099E-02
2.192000E+02 2.604991E+00   8.326398E-02
2.208000E+02 2.440926E+00   7.958490E-02
2.224000E+02 2.391689E+00   7.684593E-02
2.240000E+02 2.216942E+00   7.166705E-02
2.256000E+02 2.168656E+00   6.957142E-02
2.272000E+02 2.162543E+00   6.877176E-02
2.288000E+02 2.081443E+00   6.613000E-02
2.304000E+02 2.117217E+00   6.547291E-02
2.320000E+02 2.058889E+00   6.402624E-02
2.336000E+02 1.983653E+00   6.225907E-02
2.352000E+02 1.809235E+00   5.708685E-02
2.368000E+02 1.854829E+00   5.747646E-02
2.384000E+02 1.832956E+00   5.603340E-02
2.400000E+02 1.758983E+00   5.447453E-02
2.416000E+02 1.726420E+00   5.263529E-02
2.432000E+02 1.640922E+00   5.001411E-02
2.448000E+02 1.613378E+00   4.979885E-02
2.464000E+02 1.601759E+00   4.838597E-02
2.480000E+02 1.527017E+00   4.627985E-02
2.496000E+02 1.542793E+00   4.652365E-02
2.512000E+02 1.465433E+00   4.441425E-02
2.528000E+02 1.445867E+00   4.361073E-02
2.544000E+02 1.345175E+00   4.117096E-02
2.560000E+02 1.348468E+00   4.092630E-02
2.576000E+02 1.281958E+00   3.873744E-02
2.592000E+02 1.269419E+00   3.808427E-02
2.608000E+02 1.290663E+00   3.787678E-02
2.624000E+02 1.233776E+00   3.687734E-02
2.640000E+02 1.121672E+00   3.392134E-02
2.656000E+02 1.117071E+00   3.345682E-02
2.672000E+02 1.111979E+00   3.274784E-02
2.688000E+02 1.155870E+00   3.335191E-02
2.704000E+02 1.101915E+00   3.193692E-02
2.720000E+02 1.057290E+00   3.083962E-02
2.736000E+02 9.647132E-01   2.871160E-02
2.752000E+02 9.739306E-01   2.864984E-02
2.768000E+02 9.222748E-01   2.767582E-02
2.784000E+02 1.007668E+00   2.866102E-02
2.800000E+02 9.870790E-01   2.799508E-02
2.816000E+02 9.383781E-01   2.683230E-02
2.832000E+02 9.060068E-01   2.595936E-02
2.848000E+02 8.911896E-01   2.538895E-02
2.864000E+02 8.659258E-01   2.458374E-02
2.880000E+02 8.302867E-01   2.378643E-02
2.896000E+02 8.193155E-01   2.323473E-02
2.912000E+02 7.884312E-01   2.241481E-02
2.928000E+02 8.191656E-01   2.280878E-02
2.944000E+02 7.359212E-01   2.100427E-02
2.960000E+02 7.620534E-01   2.118474E-02
2.976000E+02 7.126092E-01   2.009329E-02
2.992000E+02 6.862481E-01   1.947744E-02
3.008000E+02 7.142383E-01   1.969162E-02
3.024000E+02 6.774360E-01   1.913374E-02
3.040000E+02 6.524311E-01   1.830717E-02
3.056000E+02 6.409453E-01   1.793508E-02
3.072000E+02 6.366237E-01   1.765088E-02
3.088000E+02 6.129339E-01   1.711298E-02
3.104000E+02 6.201347E-01   1.704591E-02
3.120000E+02 5.799453E-01   1.620876E-02
3.136000E+02 5.887265E-01   1.618304E-02
3.152000E+02 5.761550E-01   1.568013E-02
3.168000E+02 5.391060E-01   1.508730E-02
3.184000E+02 5.335434E-01   1.476310E-02
3.200000E+02 5.360605E-01   1.470758E-02
3.216000E+02 5.199154E-01   1.417612E-02
3.232000E+02 5.133943E-01   1.394579E-02
3.248000E+02 4.768755E-01   1.317034E-02
3.264000E+02 4.742580E-01   1.299979E-02
3.280000E+02 4.935963E-01   1.318727E-02
3.296000E+02 4.775785E-01   1.284020E-02
3.312000E+02 4.543625E-01   1.226070E-02
3.328000E+02 4.535565E-01   1.224165E-02
3.344000E+02 4.610265E-01   1.225382E-02
3.360000E+02 4.309175E-01   1.155089E-02
3.376000E+02 4.331268E-01   1.140373E-02
3.392000E+02 4.334568E-01   1.138485E-02
3.408000E+02 4.121796E-01   1.094790E-02
3.424000E+02 3.981073E-01   1.055847E-02
3.440000E+02 3.929067E-01   1.045741E-02
3.456000E+02 3.845310E-01   1.019616E-02
3.472000E+02 3.817211E-01   1.000408E-02
3.488000E+02 3.868309E-01   1.005844E-02
3.504000E+02 3.617118E-01   9.534406E-03
3.520000E+02 3.628906E-01   9.464044E-03
3.536000E+02 3.551301E-01   9.245608E-03
3.552000E+02 3.564858E-01   9.162494E-03
3.568000E+02 3.391154E-01   8.848697E-03
3.584000E+02 3.350362E-01   8.645453E-03
3.600000E+02 3.395873E-01   8.644417E-03
3.616000E+02 3.175338E-01   8.212263E-03
3.632000E+02 3.188457E-01   8.289161E-03
3.648000E+02 3.060286E-01   7.903589E-03
3.664000E+02 3.097218E-01   7.944643E-03
3.680000E+02 2.857770E-01   7.490213E-03
3.696000E+02 2.826276E-01   7.403745E-03
3.712000E+02 2.764887E-01   7.274717E-03
3.728000E+02 2.782541E-01   7.173827E-03
3.744000E+02 2.832136E-01   7.177991E-03
3.760000E+02 2.821278E-01   7.108599E-03
3.776000E+02 2.667676E-01   6.805042E-03
3.792000E+02 2.566048E-01   6.636956E-03
3.808000E+02 2.524610E-01   6.495878E-03
3.824000E+02 2.576732E-01   6.486307E-03
3.840000E+02 2.582872E-01   6.464397E-03
3.856000E+02 2.502407E-01   6.301861E-03
3.872000E+02 2.468092E-01   6.192751E-03
3.888000E+02 2.212086E-01   5.702391E-03
3.904000E+02 2.286481E-01   5.768506E-03
3.920000E+02 2.202033E-01   5.633138E-03
3.936000E+02 2.310022E-01   5.737460E-03
3.952000E+02 2.134195E-01   5.436739E-03
3.968000E+02 2.187073E-01   5.465916E-03
3.984000E+02 2.127787E-01   5.349788E-03
4.000000E+02 2.118734E-01   5.273011E-03
4.016000E+02 2.046531E-01   5.088497E-03
4.032000E+02 1.999718E-01   5.022557E-03
4.048000E+02 1.929558E-01   4.828148E-03
4.064000E+02 2.017677E-01   4.954303E-03
4.080000E+02 1.910646E-01   4.736604E-03
4.096000E+02 1.881701E-01   4.651194E-03
4.112000E+02 1.870847E-01   4.574245E-03
4.128000E+02 1.770718E-01   4.414356E-03
4.144000E+02 1.796591E-01   4.389113E-03
4.160000E+02 1.719112E-01   4.260702E-03
4.176000E+02 1.686614E-01   4.195962E-03
4.192000E+02 1.758495E-01   4.266607E-03
4.208000E+02 1.646325E-01   4.030258E-03
4.224000E+02 1.580943E-01   3.955232E-03
4.240000E+02 1.647286E-01   3.986513E-03
4.256000E+02 1.606278E-01   3.922161E-03
4.272000E+02 1.514717E-01   3.740938E-03
4.288000E+02 1.571780E-01   3.788148E-03
4.304000E+02 1.528485E-01   3.704594E-03
4.320000E+02 1.555193E-01   3.716991E-03
4.336000E+02 1.503926E-01   3.617815E-03
4.352000E+02 1.438036E-01   3.494047E-03
4.368000E+02 1.452759E-01   3.475800E-03
4.384000E+02 1.445426E-01   3.448499E-03
4.400000E+02 1.372922E-01   3.319903E-03
4.416000E+02 1.391259E-01   3.339609E-03
4.432000E+02 1.389410E-01   3.283584E-03
4.448000E+02 1.334958E-01   3.175956E-03
4.464000E+02 1.341548E-01   3.166089E-03
4.480000E+02 1.303960E-01   3.087480E-03
4.496000E+02 1.275700E-01   3.013560E-03
4.512000E+02 1.254108E-01   3.002419E-03
4.528000E+02 1.272596E-01   2.994894E-03
4.544000E+02 1.250348E-01   2.907012E-03
4.560000E+02 1.165812E-01   2.798341E-03
4.576000E+02 1.130148E-01   2.700887E-03
4.592000E+02 1.210665E-01   2.817422E-03
4.608000E+02 1.155077E-01   2.705496E-03
4.624000E+02 1.164984E-01   2.707881E-03
4.640000E+02 1.094888E-01   2.583753E-03
4.656000E+02 1.118207E-01   2.619893E-03
4.672000E+02 1.097951E-01   2.541079E-03
4.688000E+02 1.083574E-01   2.518445E-03
4.704000E+02 1.102043E-01   2.510907E-03
4.720000E+02 1.022858E-01   2.383687E-03
4.736000E+02 1.039193E-01   2.373233E-03
4.752000E+02 1.035267E-01   2.368780E-03
4.768000E+02 9.688191E-02   2.265451E-03
4.784000E+02 9.734546E-02   2.256335E-03
4.800000E+02 9.897400E-02   2.278743E-03
4.816000E+02 9.085087E-02   2.124263E-03
4.832000E+02 9.440315E-02   2.160380E-03
4.848000E+02 9.227153E-02   2.125962E-03
4.864000E+02 9.010576E-02   2.082806E-03
4.880000E+02 9.210125E-02   2.091597E-03
4.896000E+02 9.009188E-02   2.047953E-03
4.912000E+02 9.091504E-02   2.057418E-03
4.928000E+02 8.953358E-02   2.016693E-03
4.944000E+02 8.507632E-02   1.930635E-03
4.960000E+02 8.378750E-02   1.905125E-03
4.976000E+02 8.257976E-02   1.876839E-03
4.992000E+02 8.345912E-02   1.891644E-03
