2.080000E+01 3.147101E+04   4.855632E+02
2.240000E+01 2.379913E+04   3.548021E+02
2.400000E+01 1.820230E+04   2.729871E+02
2.560000E+01 1.383917E+04   1.931900E+02
2.720000E+01 1.110856E+04   1.536810E+02
2.880000E+01 8.767543E+03   1.145070E+02
3.040000E+01 7.024757E+03   8.880641E+01
3.200000E+01 5.846391E+03   7.740547E+01
3.360000E+01 4.772131E+03   6.019082E+01
3.520000E+01 3.938518E+03   4.670113E+01
3.680000E+01 3.313274E+03   4.126580E+01
3.840000E+01 2.789397E+03   3.304114E+01
4.000000E+01 2.389572E+03   2.738643E+01
4.160000E+01 2.055028E+03   2.306645E+01
4.320000E+01 1.779096E+03   2.109201E+01
4.480000E+01 1.558841E+03   1.874154E+01
4.640000E+01 1.338425E+03   1.530604E+01
4.800000E+01 1.187798E+03   1.363186E+01
4.960000E+01 1.016725E+03   1.139114E+01
5.120000E+01 8.931203E+02   9.878137E+00
5.280000E+01 7.900679E+02   8.550477E+00
5.440000E+01 7.058896E+02   7.604717E+00
5.600000E+01 6.307817E+02   6.819057E+00
5.760000E+01 5.635350E+02   6.029426E+00
5.920000E+01 5.015216E+02   5.240677E+00
6.080000E+01 4.582233E+02   4.890486E+00
6.240000E+01 4.044052E+02   4.261044E+00
6.400000E+01 3.671806E+02   3.851829E+00
6.560000E+01 3.373410E+02   3.627124E+00
6.720000E+01 3.034432E+02   3.225479E+00
6.880000E+01 2.769800E+02   2.931317E+00
7.040000E+01 2.573248E+02   2.659574E+00
7.200000E+01 2.342079E+02   2.512388E+00
7.360000E+01 2.121985E+02   2.247301E+00
7.520000E+01 1.933864E+02   2.034989E+00
7.680000E+01 1.766973E+02   2.096792E+00
7.840000E+01 1.637866E+02   1.949207E+00
8.000000E+01 1.521842E+02   1.787650E+00
8.160000E+01 1.405292E+02   1.637811E+00
8.320000E+01 1.295581E+02   1.507338E+00
8.480000E+01 1.212584E+02   1.409606E+00
8.640000E+01 1.100307E+02   1.289393E+00
8.800000E+01 1.045077E+02   1.190314E+00
8.960000E+01 9.672402E+01   1.100905E+00
9.120000E+01 9.081959E+01   1.028262E+00
9.280000E+01 8.183512E+01   9.167679E-01
9.440000E+01 7.758232E+01   8.744657E-01
9.600000E+01 7.212867E+01   1.037328E+00
9.760000E+01 6.779812E+01   9.648975E-01
9.920000E+01 6.481837E+01   9.425872E-01
1.008000E+02 5.977594E+01   8.776774E-01
1.024000E+02 5.748437E+01   8.611695E-01
1.040000E+02 5.312386E+01   7.936154E-01
1.056000E+02 4.965884E+01   7.359367E-01
1.072000E+02 4.752802E+01   7.002715E-01
1.088000E+02 4.303415E+01   1.823966E+00
1.104000E+02 4.050613E+01   1.678605E+00
1.120000E+02 4.122727E+01   1.714124E+00
1.136000E+02 3.700604E+01   1.577913E+00
1.152000E+02 3.639917E+01   1.537476E+00
1.168000E+02 3.215901E+01   1.226479E+00
1.184000E+02 3.229848E+01   1.309904E+00
1.200000E+02 3.145533E+01   1.385646E+00
1.216000E+02 2.799606E+01   1.107451E+00
1.232000E+02 2.561707E+01   9.541373E-01
1.248000E+02 2.542882E+01   1.010919E+00
1.264000E+02 2.281101E+01   8.980769E-01
1.280000E+02 2.242521E+01   8.215720E-01
1.296000E+02 2.104667E+01   7.962296E-01
1.312000E+02 2.170206E+01   8.569961E-01
1.328000E+02 1.922539E+01   7.404882E-01
1.344000E+02 1.894408E+01   7.329742E-01
1.360000E+02 1.693372E+01   5.817741E-01
1.376000E+02 1.705017E+01   6.492815E-01
1.392000E+02 1.708343E+01   6.604781E-01
1.408000E+02 1.543925E+01   5.823581E-01
1.424000E+02 1.415521E+01   5.046291E-01
1.440000E+02 1.426258E+01   5.246395E-01
1.456000E+02 1.463526E+01   5.589030E-01
1.472000E+02 1.307951E+01   5.051949E-01
1.488000E+02 1.206163E+01   4.151824E-01
1.504000E+02 1.201629E+01   4.350117E-01
1.520000E+02 1.102319E+01   3.952794E-01
1.536000E+02 1.067879E+01   4.122201E-01
1.552000E+02 1.082407E+01   5.039923E-01
1.568000E+02 1.103752E+01   5.244459E-01
1.584000E+02 9.582764E+00   4.392923E-01
1.600000E+02 9.400342E+00   4.369270E-01
1.616000E+02 8.885777E+00   4.096836E-01
1.632000E+02 8.101174E+00   3.683939E-01
1.648000E+02 8.337826E+00   3.827852E-01
1.664000E+02 8.057636E+00   3.815088E-01
1.680000E+02 6.971893E+00   3.171563E-01
1.696000E+02 7.179349E+00   3.198973E-01
1.712000E+02 6.895320E+00   3.174003E-01
1.728000E+02 6.598433E+00   2.915608E-01
1.744000E+02 6.769070E+00   3.105892E-01
1.760000E+02 5.905438E+00   2.557575E-01
1.776000E+02 6.630183E+00   3.040089E-01
1.792000E+02 5.789461E+00   2.601899E-01
1.808000E+02 5.702182E+00   2.520203E-01
1.824000E+02 5.345479E+00   2.431444E-01
1.840000E+02 5.221459E+00   2.303289E-01
1.856000E+02 5.300753E+00   2.383604E-01
1.872000E+02 5.013955E+00   2.224606E-01
1.888000E+02 4.774037E+00   2.075403E-01
1.904000E+02 4.402500E+00   1.957170E-01
1.920000E+02 4.424527E+00   1.866737E-01
1.936000E+02 4.321880E+00   1.910372E-01
1.952000E+02 3.931021E+00   1.687046E-01
1.968000E+02 3.983156E+00   1.687204E-01
1.984000E+02 3.724333E+00   1.607224E-01
2.000000E+02 3.736929E+00   1.615115E-01
2.016000E+02 3.489592E+00   1.460902E-01
2.032000E+02 3.596514E+00   1.549610E-01
2.048000E+02 3.403318E+00   1.437353E-01
2.064000E+02 3.273006E+00   1.380214E-01
2.080000E+02 3.363901E+00   1.432105E-01
2.096000E+02 3.131906E+00   1.322111E-01
2.112000E+02 3.093893E+00   1.273824E-01
2.128000E+02 2.930440E+00   1.226779E-01
2.144000E+02 2.862332E+00   1.191484E-01
2.160000E+02 2.894936E+00   1.197506E-01
2.176000E+02 2.523824E+00   1.068770E-01
2.192000E+02 2.361231E+00   9.434491E-02
2.208000E+02 2.346385E+00   9.637344E-02
2.224000E+02 2.559342E+00   1.042310E-01
2.240000E+02 2.288584E+00   9.252909E-02
2.256000E+02 2.531205E+00   1.017679E-01
2.272000E+02 2.277892E+00   9.144187E-02
2.288000E+02 2.065056E+00   8.299159E-02
2.304000E+02 1.994883E+00   8.000489E-02
2.320000E+02 2.001526E+00   8.031660E-02
2.336000E+02 2.064764E+00   8.143676E-02
2.352000E+02 1.939408E+00   7.832349E-02
2.368000E+02 1.855559E+00   7.501939E-02
2.384000E+02 1.903863E+00   7.717371E-02
2.400000E+02 1.836062E+00   7.356660E-02
2.416000E+02 1.775086E+00   6.982631E-02
2.432000E+02 1.707026E+00   6.528897E-02
2.448000E+02 1.528767E+00   5.977216E-02
2.464000E+02 1.480490E+00   5.596381E-02
2.480000E+02 1.533416E+00   5.793663E-02
2.496000E+02 1.604652E+00   6.364257E-02
2.512000E+02 1.409712E+00   5.537918E-02
2.528000E+02 1.371489E+00   5.522062E-02
2.544000E+02 1.455097E+00   5.806598E-02
2.560000E+02 1.283076E+00   5.092532E-02
2.576000E+02 1.324481E+00   5.190830E-02
2.592000E+02 1.257407E+00   4.955846E-02
2.608000E+02 1.213504E+00   4.610477E-02
2.624000E+02 1.185525E+00   4.792373E-02
2.640000E+02 1.188570E+00   4.835388E-02
2.656000E+02 1.142399E+00   4.459223E-02
2.672000E+02 1.070602E+00   4.170482E-02
2.688000E+02 1.095643E+00   4.385288E-02
2.704000E+02 1.083503E+00   4.138454E-02
2.720000E+02 1.030960E+00   3.995338E-02
2.736000E+02 1.097965E+00   4.200213E-02
2.752000E+02 1.012226E+00   3.793794E-02
2.768000E+02 9.801719E-01   3.646706E-02
2.784000E+02 9.558102E-01   3.702820E-02
2.800000E+02 9.673739E-01   3.690319E-02
2.816000E+02 9.344109E-01   3.481404E-02
2.832000E+02 8.404728E-01   3.180691E-02
2.848000E+02 8.895838E-01   3.381652E-02
2.864000E+02 9.071921E-01   3.471570E-02
2.880000E+02 7.619687E-01   2.921223E-02
2.896000E+02 7.818706E-01   2.918511E-02
2.912000E+02 7.021418E-01   2.733298E-02
2.928000E+02 7.951757E-01   3.056078E-02
2.944000E+02 7.559385E-01   2.808544E-02
2.960000E+02 7.198822E-01   2.719820E-02
2.976000E+02 7.256098E-01   2.742054E-02
2.992000E+02 7.082748E-01   2.644886E-02
3.008000E+02 6.945227E-01   2.617516E-02
3.024000E+02 6.994635E-01   2.587660E-02
3.040000E+02 6.918838E-01   2.536743E-02
3.056000E+02 6.739378E-01   2.514548E-02
3.072000E+02 6.376177E-01   2.371711E-02
3.088000E+02 6.058117E-01   2.159665E-02
3.104000E+02 6.126299E-01   2.303031E-02
3.120000E+02 6.145462E-01   2.246621E-02
3.136000E+02 5.724443E-01   2.049814E-02
3.152000E+02 5.901376E-01   2.179894E-02
3.168000E+02 5.706031E-01   2.051882E-02
3.184000E+02 5.189737E-01   1.915873E-02
3.200000E+02 5.595386E-01   2.042821E-02
3.216000E+02 5.006262E-01   1.801875E-02
3.232000E+02 4.977714E-01   1.777550E-02
3.248000E+02 4.963692E-01   1.745104E-02
3.264000E+02 5.050197E-01   1.802771E-02
3.280000E+02 4.792748E-01   1.709953E-02
3.296000E+02 4.704589E-01   1.706427E-02
3.312000E+02 4.572242E-01   1.643235E-02
3.328000E+02 4.502907E-01   1.632457E-02
3.344000E+02 4.652803E-01   1.666737E-02
3.360000E+02 4.419432E-01   1.527358E-02
3.376000E+02 4.214924E-01   1.511246E-02
3.392000E+02 4.153351E-01   1.448227E-02
3.408000E+02 3.954306E-01   1.396217E-02
3.424000E+02 4.312936E-01   1.531215E-02
3.440000E+02 3.933134E-01   1.373847E-02
3.456000E+02 3.960167E-01   1.389328E-02
3.472000E+02 3.999089E-01   1.373787E-02
3.488000E+02 3.566976E-01   1.263959E-02
3.504000E+02 3.673967E-01   1.286578E-02
3.520000E+02 3.438697E-01   1.193320E-02
3.536000E+02 3.408459E-01   1.149766E-02
3.552000E+02 3.509530E-01   1.200749E-02
3.568000E+02 3.461954E-01   1.184534E-02
3.584000E+02 3.227047E-01   1.121804E-02
3.600000E+02 3.262102E-01   1.106055E-02
3.616000E+02 3.322311E-01   1.108610E-02
3.632000E+02 3.147940E-01   1.077953E-02
3.648000E+02 3.147058E-01   1.071329E-02
3.664000E+02 2.971733E-01   1.034768E-02
3.680000E+02 3.201573E-01   1.105439E-02
3.696000E+02 2.867342E-01   1.020022E-02
3.712000E+02 2.860722E-01   1.018139E-02
3.728000E+02 2.818653E-01   9.794044E-03
3.744000E+02 2.944030E-01   1.033644E-02
3.760000E+02 2.645918E-01   9.382339E-03
3.776000E+02 2.806799E-01   9.831307E-03
3.792000E+02 2.586248E-01   8.964236E-03
3.808000E+02 2.679021E-01   9.328718E-03
3.824000E+02 2.578682E-01   8.866824E-03
3.840000E+02 2.617086E-01   9.170841E-03
3.856000E+02 2.553295E-01   8.929350E-03
3.872000E+02 2.196312E-01   7.638051E-03
3.888000E+02 2.348009E-01   8.006487E-03
3.904000E+02 2.347319E-01   8.068898E-03
3.920000E+02 2.374805E-01   8.142974E-03
3.936000E+02 2.172140E-01   7.546373E-03
3.952000E+02 2.101115E-01   7.318783E-03
3.968000E+02 2.103173E-01   7.228238E-03
3.984000E+02 2.184856E-01   7.562379E-03
4.000000E+02 2.121975E-01   7.251403E-03
4.016000E+02 1.987171E-01   6.721802E-03
4.032000E+02 1.857948E-01   6.310973E-03
4.048000E+02 2.009157E-01   6.936461E-03
4.064000E+02 1.988905E-01   6.756791E-03
4.080000E+02 1.967460E-01   6.707408E-03
4.096000E+02 1.890275E-01   6.390781E-03
4.112000E+02 1.721211E-01   5.734213E-03
4.128000E+02 1.872039E-01   6.282865E-03
4.144000E+02 1.764705E-01   5.903338E-03
4.160000E+02 1.783271E-01   5.992666E-03
4.176000E+02 1.764376E-01   5.809157E-03
4.192000E+02 1.732903E-01   5.752088E-03
4.208000E+02 1.708783E-01   5.642920E-03
4.224000E+02 1.744067E-01   5.766919E-03
4.240000E+02 1.512290E-01   5.121444E-03
4.256000E+02 1.595678E-01   5.222864E-03
4.272000E+02 1.534426E-01   5.025128E-03
4.288000E+02 1.656679E-01   5.501707E-03
4.304000E+02 1.555256E-01   5.104060E-03
4.320000E+02 1.493074E-01   5.023498E-03
4.336000E+02 1.528933E-01   5.046054E-03
4.352000E+02 1.459461E-01   4.767266E-03
4.368000E+02 1.405813E-01   4.545373E-03
4.384000E+02 1.402980E-01   4.574636E-03
4.400000E+02 1.333854E-01   4.382864E-03
4.416000E+02 1.396586E-01   4.633065E-03
4.432000E+02 1.376412E-01   4.438019E-03
4.448000E+02 1.259835E-01   4.130429E-03
4.464000E+02 1.316023E-01   4.304118E-03
4.480000E+02 1.220901E-01   4.089113E-03
4.496000E+02 1.274429E-01   4.095072E-03
4.512000E+02 1.306846E-01   4.204997E-03
4.528000E+02 1.257112E-01   3.993683E-03
4.544000E+02 1.252880E-01   4.003540E-03
4.560000E+02 1.236592E-01   4.034661E-03
4.576000E+02 1.287714E-01   4.190240E-03
4.592000E+02 1.149703E-01   3.778915E-03
4.608000E+02 1.141897E-01   3.616860E-03
4.624000E+02 1.138053E-01   3.734541E-03
4.640000E+02 1.081146E-01   3.551046E-03
4.656000E+02 1.090014E-01   3.461685E-03
4.672000E+02 1.097776E-01   3.480377E-03
4.688000E+02 1.070154E-01   3.426532E-03
4.704000E+02 1.055779E-01   3.332780E-03
4.720000E+02 1.072474E-01   3.423741E-03
4.736000E+02 1.091224E-01   3.393337E-03
4.752000E+02 9.912740E-02   3.170289E-03
4.768000E+02 1.039173E-01   3.319082E-03
4.784000E+02 9.780321E-02   3.088198E-03
4.800000E+02 9.661498E-02   3.026697E-03
4.816000E+02 9.417522E-02   2.956552E-03
4.832000E+02 9.002017E-02   2.808694E-03
4.848000E+02 9.556491E-02   3.003161E-03
4.864000E+02 8.942324E-02   2.834601E-03
4.880000E+02 8.875903E-02   2.764894E-03
4.896000E+02 8.879821E-02   2.824521E-03
4.912000E+02 8.599240E-02   2.707681E-03
4.928000E+02 9.031146E-02   2.761539E-03
4.944000E+02 8.212660E-02   2.627439E-03
4.960000E+02 8.255672E-02   2.575242E-03
4.976000E+02 8.438988E-02   2.632644E-03
4.992000E+02 7.837900E-02   2.436461E-03
