2.080000E+01 3.233115E+04   5.260616E+02
2.240000E+01 2.310148E+04   3.363524E+02
2.400000E+01 1.765473E+04   2.437189E+02
2.560000E+01 1.384002E+04   1.947143E+02
2.720000E+01 1.112626E+04   1.573310E+02
2.880000E+01 8.750259E+03   1.147167E+02
3.040000E+01 7.220340E+03   9.927258E+01
3.200000E+01 5.861668E+03   7.831237E+01
3.360000E+01 4.755527E+03   6.047303E+01
3.520000E+01 3.986329E+03   4.936677E+01
3.680000E+01 3.338185E+03   3.929074E+01
3.840000E+01 2.858573E+03   3.588548E+01
4.000000E+01 2.441190E+03   3.008330E+01
4.160000E+01 2.066744E+03   2.512339E+01
4.320000E+01 1.773745E+03   2.003889E+01
4.480000E+01 1.509214E+03   1.677817E+01
4.640000E+01 1.345175E+03   1.541612E+01
4.800000E+01 1.159453E+03   1.298189E+01
4.960000E+01 1.021305E+03   1.116051E+01
5.120000E+01 8.767293E+02   9.287873E+00
5.280000E+01 8.064693E+02   8.843074E+00
5.440000E+01 7.009737E+02   7.595029E+00
5.600000E+01 6.319009E+02   6.801562E+00
5.760000E+01 5.565971E+02   5.938000E+00
5.920000E+01 5.078013E+02   5.375676E+00
6.080000E+01 4.503099E+02   4.608381E+00
6.240000E+01 4.094532E+02   4.312930E+00
6.400000E+01 3.751935E+02   4.092527E+00
6.560000E+01 3.300616E+02   3.504888E+00
6.720000E+01 3.065862E+02   3.254925E+00
6.880000E+01 2.795503E+02   2.945999E+00
7.040000E+01 2.540010E+02   2.619560E+00
7.200000E+01 2.295579E+02   2.426963E+00
7.360000E+01 2.115666E+02   2.233878E+00
7.520000E+01 1.981727E+02   2.128693E+00
7.680000E+01 1.792715E+02   2.143054E+00
7.840000E+01 1.625024E+02   1.940594E+00
8.000000E+01 1.517571E+02   1.777670E+00
8.160000E+01 1.392625E+02   1.619810E+00
8.320000E+01 1.295140E+02   1.530380E+00
8.480000E+01 1.205104E+02   1.410536E+00
8.640000E+01 1.120466E+02   1.300836E+00
8.800000E+01 1.043808E+02   1.190201E+00
8.960000E+01 9.635739E+01   1.098142E+00
9.120000E+01 9.068675E+01   1.021093E+00
9.280000E+01 8.290682E+01   9.297821E-01
9.440000E+01 7.920914E+01   8.964510E-01
9.600000E+01 7.252898E+01   1.043361E+00
9.760000E+01 6.745136E+01   9.665476E-01
9.920000E+01 6.323965E+01   9.151896E-01
1.008000E+02 5.984218E+01   8.680921E-01
1.024000E+02 5.702636E+01   8.574343E-01
1.040000E+02 5.243979E+01   7.871498E-01
1.056000E+02 4.972560E+01   7.451966E-01
1.072000E+02 4.632974E+01   6.877255E-01
1.088000E+02 4.614224E+01   1.727997E+00
1.104000E+02 4.162382E+01   1.680783E+00
1.120000E+02 3.804118E+01   1.512737E+00
1.136000E+02 3.564960E+01   1.356700E+00
1.152000E+02 3.433306E+01   1.320489E+00
1.168000E+02 3.414704E+01   1.410601E+00
1.184000E+02 3.132407E+01   1.239627E+00
1.200000E+02 2.889470E+01   1.139185E+00
1.216000E+02 2.776414E+01   1.109400E+00
1.232000E+02 2.779743E+01   1.119345E+00
1.248000E+02 2.513217E+01   9.853958E-01
1.264000E+02 2.510228E+01   1.024724E+00
1.280000E+02 2.182769E+01   8.247492E-01
1.296000E+02 2.287598E+01   9.369760E-01
1.312000E+02 2.156673E+01   8.443934E-01
1.328000E+02 1.982397E+01   7.356771E-01
1.344000E+02 1.921602E+01   7.400692E-01
1.360000E+02 1.922972E+01   7.378686E-01
1.376000E+02 1.722190E+01   6.671379E-01
1.392000E+02 1.581194E+01   5.744921E-01
1.408000E+02 1.601861E+01   6.151623E-01
1.424000E+02 1.519337E+01   5.952726E-01
1.440000E+02 1.503071E+01   5.924903E-01
1.456000E+02 1.382510E+01   5.113785E-01
1.472000E+02 1.292277E+01   4.778967E-01
1.488000E+02 1.291441E+01   4.678346E-01
1.504000E+02 1.130923E+01   4.054314E-01
1.520000E+02 1.078731E+01   3.820486E-01
1.536000E+02 1.109700E+01   4.418683E-01
1.552000E+02 1.028492E+01   4.780240E-01
1.568000E+02 9.768107E+00   4.496090E-01
1.584000E+02 9.799399E+00   4.495701E-01
1.600000E+02 9.299282E+00   4.206307E-01
1.616000E+02 8.821719E+00   4.260206E-01
1.632000E+02 8.557336E+00   3.952746E-01
1.648000E+02 8.324452E+00   3.900484E-01
1.664000E+02 7.963806E+00   3.758308E-01
1.680000E+02 7.518189E+00   3.471366E-01
1.696000E+02 6.999453E+00   3.160958E-01
1.712000E+02 7.256910E+00   3.280649E-01
1.728000E+02 7.128626E+00   3.249377E-01
1.744000E+02 6.447334E+00   2.929860E-01
1.760000E+02 6.102628E+00   2.738358E-01
1.776000E+02 6.237121E+00   2.834954E-01
1.792000E+02 6.109700E+00   2.718658E-01
1.808000E+02 5.578712E+00   2.489402E-01
1.824000E+02 5.337704E+00   2.300676E-01
1.840000E+02 5.078855E+00   2.227567E-01
1.856000E+02 4.728702E+00   2.048341E-01
1.872000E+02 5.037995E+00   2.287681E-01
1.888000E+02 4.546482E+00   1.957531E-01
1.904000E+02 4.685961E+00   2.047899E-01
1.920000E+02 4.347008E+00   1.895895E-01
1.936000E+02 4.314935E+00   1.876529E-01
1.952000E+02 4.150318E+00   1.783404E-01
1.968000E+02 3.878404E+00   1.678915E-01
1.984000E+02 3.755268E+00   1.622176E-01
2.000000E+02 3.788695E+00   1.624006E-01
2.016000E+02 3.419468E+00   1.441393E-01
2.032000E+02 3.431654E+00   1.416860E-01
2.048000E+02 3.419056E+00   1.432364E-01
2.064000E+02 3.319657E+00   1.423782E-01
2.080000E+02 3.205436E+00   1.350246E-01
2.096000E+02 3.045276E+00   1.295507E-01
2.112000E+02 3.056605E+00   1.258206E-01
2.128000E+02 2.798057E+00   1.168855E-01
2.144000E+02 2.825207E+00   1.149423E-01
2.160000E+02 2.862677E+00   1.196925E-01
2.176000E+02 2.754942E+00   1.134243E-01
2.192000E+02 2.688192E+00   1.139931E-01
2.208000E+02 2.646071E+00   1.112808E-01
2.224000E+02 2.449362E+00   1.015375E-01
2.240000E+02 2.256706E+00   9.199175E-02
2.256000E+02 2.344202E+00   9.620914E-02
2.272000E+02 2.323512E+00   9.275897E-02
2.288000E+02 2.008940E+00   7.924668E-02
2.304000E+02 1.922316E+00   7.814236E-02
2.320000E+02 2.023267E+00   8.015675E-02
2.336000E+02 2.013998E+00   8.293299E-02
2.352000E+02 1.739381E+00   6.591344E-02
2.368000E+02 1.953520E+00   7.928809E-02
2.384000E+02 1.752726E+00   6.917024E-02
2.400000E+02 1.753976E+00   7.061752E-02
2.416000E+02 1.730760E+00   6.672518E-02
2.432000E+02 1.691965E+00   6.681519E-02
2.448000E+02 1.671054E+00   6.504653E-02
2.464000E+02 1.613967E+00   6.408327E-02
2.480000E+02 1.626866E+00   6.467545E-02
2.496000E+02 1.563555E+00   5.851531E-02
2.512000E+02 1.447283E+00   5.782210E-02
2.528000E+02 1.331678E+00   5.320498E-02
2.544000E+02 1.420406E+00   5.635081E-02
2.560000E+02 1.409493E+00   5.442563E-02
2.576000E+02 1.323037E+00   5.222074E-02
2.592000E+02 1.317771E+00   5.351205E-02
2.608000E+02 1.187551E+00   4.754690E-02
2.624000E+02 1.250050E+00   4.879683E-02
2.640000E+02 1.206089E+00   4.791576E-02
2.656000E+02 1.200876E+00   4.709294E-02
2.672000E+02 1.114045E+00   4.370183E-02
2.688000E+02 1.175285E+00   4.527903E-02
2.704000E+02 1.043966E+00   4.005477E-02
2.720000E+02 1.050456E+00   4.051119E-02
2.736000E+02 1.038795E+00   4.063713E-02
2.752000E+02 1.028573E+00   4.010098E-02
2.768000E+02 9.798321E-01   3.712957E-02
2.784000E+02 9.860869E-01   3.814312E-02
2.800000E+02 9.534202E-01   3.657734E-02
2.816000E+02 9.246863E-01   3.591640E-02
2.832000E+02 8.697162E-01   3.284605E-02
2.848000E+02 8.971764E-01   3.478484E-02
2.864000E+02 8.599150E-01   3.224474E-02
2.880000E+02 8.204594E-01   3.132983E-02
2.896000E+02 8.045032E-01   3.119238E-02
2.912000E+02 8.080311E-01   3.029043E-02
2.928000E+02 7.919389E-01   2.940080E-02
2.944000E+02 7.839217E-01   3.014831E-02
2.960000E+02 6.865710E-01   2.569709E-02
2.976000E+02 7.069428E-01   2.633836E-02
2.992000E+02 6.699487E-01   2.556568E-02
3.008000E+02 7.242713E-01   2.637787E-02
3.024000E+02 6.749546E-01   2.468755E-02
3.040000E+02 6.817693E-01   2.617614E-02
3.056000E+02 6.718890E-01   2.460840E-02
3.072000E+02 6.661552E-01   2.459172E-02
3.088000E+02 5.885453E-01   2.145509E-02
3.104000E+02 5.614676E-01   2.057783E-02
3.120000E+02 5.734620E-01   2.104482E-02
3.136000E+02 5.734043E-01   2.114709E-02
3.152000E+02 5.749374E-01   2.067460E-02
3.168000E+02 5.478892E-01   1.976007E-02
3.184000E+02 5.273528E-01   1.944744E-02
3.200000E+02 5.299169E-01   1.901835E-02
3.216000E+02 5.442124E-01   1.938224E-02
3.232000E+02 5.091660E-01   1.802777E-02
3.248000E+02 5.101851E-01   1.779232E-02
3.264000E+02 4.954503E-01   1.788644E-02
3.280000E+02 4.666824E-01   1.666862E-02
3.296000E+02 4.721012E-01   1.687745E-02
3.312000E+02 4.368542E-01   1.546819E-02
3.328000E+02 4.586566E-01   1.616101E-02
3.344000E+02 4.348422E-01   1.563659E-02
3.360000E+02 4.053450E-01   1.437095E-02
3.376000E+02 4.444216E-01   1.568615E-02
3.392000E+02 4.280930E-01   1.520978E-02
3.408000E+02 3.957709E-01   1.364237E-02
3.424000E+02 4.102127E-01   1.437508E-02
3.440000E+02 4.096865E-01   1.421344E-02
3.456000E+02 3.899202E-01   1.353467E-02
3.472000E+02 3.860530E-01   1.369481E-02
3.488000E+02 3.568614E-01   1.230406E-02
3.504000E+02 3.650124E-01   1.258471E-02
3.520000E+02 3.729354E-01   1.300821E-02
3.536000E+02 3.658088E-01   1.246318E-02
3.552000E+02 3.474894E-01   1.209741E-02
3.568000E+02 3.351109E-01   1.136833E-02
3.584000E+02 3.206641E-01   1.057381E-02
3.600000E+02 3.413559E-01   1.174376E-02
3.616000E+02 3.297492E-01   1.135996E-02
3.632000E+02 3.216437E-01   1.111389E-02
3.648000E+02 3.115419E-01   1.059683E-02
3.664000E+02 3.017077E-01   1.037191E-02
3.680000E+02 2.944744E-01   1.049865E-02
3.696000E+02 2.900803E-01   1.017175E-02
3.712000E+02 2.869993E-01   1.028424E-02
3.728000E+02 3.022911E-01   1.053300E-02
3.744000E+02 2.780318E-01   9.623173E-03
3.760000E+02 2.856049E-01   9.846310E-03
3.776000E+02 2.729023E-01   9.345325E-03
3.792000E+02 2.642732E-01   9.287571E-03
3.808000E+02 2.660875E-01   9.281391E-03
3.824000E+02 2.559386E-01   8.961655E-03
3.840000E+02 2.492230E-01   8.649586E-03
3.856000E+02 2.594381E-01   9.076495E-03
3.872000E+02 2.411255E-01   8.298017E-03
3.888000E+02 2.336825E-01   8.045626E-03
3.904000E+02 2.419078E-01   8.232589E-03
3.920000E+02 2.293135E-01   7.819114E-03
3.936000E+02 2.366009E-01   8.165512E-03
3.952000E+02 2.174421E-01   7.598377E-03
3.968000E+02 2.124765E-01   7.348096E-03
3.984000E+02 2.097864E-01   7.172102E-03
4.000000E+02 2.208680E-01   7.479095E-03
4.016000E+02 2.083176E-01   7.205104E-03
4.032000E+02 2.048936E-01   6.865847E-03
4.048000E+02 2.014778E-01   6.814669E-03
4.064000E+02 1.794899E-01   6.126609E-03
4.080000E+02 1.958529E-01   6.695993E-03
4.096000E+02 1.838173E-01   6.220605E-03
4.112000E+02 1.909135E-01   6.555542E-03
4.128000E+02 1.738591E-01   5.922481E-03
4.144000E+02 1.750758E-01   5.839649E-03
4.160000E+02 1.790050E-01   5.995709E-03
4.176000E+02 1.716751E-01   5.785638E-03
4.192000E+02 1.682231E-01   5.663024E-03
4.208000E+02 1.709990E-01   5.684436E-03
4.224000E+02 1.678277E-01   5.642067E-03
4.240000E+02 1.594178E-01   5.380854E-03
4.256000E+02 1.656496E-01   5.453091E-03
4.272000E+02 1.634744E-01   5.519718E-03
4.288000E+02 1.529726E-01   5.028490E-03
4.304000E+02 1.402403E-01   4.648936E-03
4.320000E+02 1.595681E-01   5.349234E-03
4.336000E+02 1.486043E-01   4.882602E-03
4.352000E+02 1.361723E-01   4.479795E-03
4.368000E+02 1.511219E-01   4.871878E-03
4.384000E+02 1.496449E-01   4.884444E-03
4.400000E+02 1.401163E-01   4.609775E-03
4.416000E+02 1.426884E-01   4.663157E-03
4.432000E+02 1.357587E-01   4.513798E-03
4.448000E+02 1.382298E-01   4.454960E-03
4.464000E+02 1.331213E-01   4.278811E-03
4.480000E+02 1.298676E-01   4.242001E-03
4.496000E+02 1.225326E-01   3.962878E-03
4.512000E+02 1.245997E-01   4.045654E-03
4.528000E+02 1.227793E-01   3.989899E-03
4.544000E+02 1.303027E-01   4.170079E-03
4.560000E+02 1.219077E-01   3.910941E-03
4.576000E+02 1.188659E-01   3.796624E-03
4.592000E+02 1.089348E-01   3.491152E-03
4.608000E+02 1.078023E-01   3.485615E-03
4.624000E+02 1.137514E-01   3.719332E-03
4.640000E+02 1.114844E-01   3.590306E-03
4.656000E+02 1.054659E-01   3.413429E-03
4.672000E+02 1.064146E-01   3.411573E-03
4.688000E+02 1.033881E-01   3.379978E-03
4.704000E+02 1.004100E-01   3.203467E-03
4.720000E+02 1.048827E-01   3.340372E-03
4.736000E+02 1.082975E-01   3.414685E-03
4.752000E+02 9.955982E-02   3.174252E-03
4.768000E+02 9.867331E-02   3.111665E-03
4.784000E+02 1.001812E-01   3.168624E-03
4.800000E+02 9.639470E-02   3.071748E-03
4.816000E+02 9.501282E-02   3.025513E-03
4.832000E+02 9.605230E-02   3.013484E-03
4.848000E+02 9.600842E-02   2.949187E-03
4.864000E+02 8.927219E-02   2.775888E-03
4.880000E+02 8.867357E-02   2.838588E-03
4.896000E+02 9.381054E-02   2.961068E-03
4.912000E+02 8.515327E-02   2.709323E-03
4.928000E+02 8.764561E-02   2.694668E-03
4.944000E+02 8.339074E-02   2.623331E-03
4.960000E+02 8.116441E-02   2.538609E-03
4.976000E+02 8.431825E-02   2.604221E-03
4.992000E+02 7.707709E-02   2.407829E-03
