1.001000E+02 -4.836591E+02 5.678529E+00
1.007000E+02 -1.389763E+03 9.511831E+00
1.013000E+02 -1.849041E+03 1.079931E+01
1.019000E+02 -2.165003E+03 1.149847E+01
1.025000E+02 -2.424253E+03 1.197194E+01
1.031000E+02 -2.617110E+03 1.224728E+01
1.037000E+02 -2.768439E+03 1.240604E+01
1.043000E+02 -2.901449E+03 1.250675E+01
1.049000E+02 -3.008158E+03 1.253128E+01
1.055000E+02 -3.087159E+03 1.249095E+01
1.061000E+02 -3.150678E+03 1.242742E+01
1.067000E+02 -3.226953E+03 1.240156E+01
1.073000E+02 -3.259559E+03 1.226025E+01
1.079000E+02 -3.291023E+03 1.213277E+01
1.085000E+02 -3.314668E+03 1.199607E+01
1.091000E+02 -3.334852E+03 1.185460E+01
1.097000E+02 -3.352889E+03 1.170824E+01
1.103000E+02 -3.339231E+03 1.150813E+01
1.109000E+02 -3.350080E+03 1.136131E+01
1.115000E+02 -3.350730E+03 1.119308E+01
1.121000E+02 -3.325101E+03 1.098324E+01
1.127000E+02 -3.324939E+03 1.083001E+01
1.133000E+02 -3.301957E+03 1.063343E+01
1.139000E+02 -3.281628E+03 1.044607E+01
1.145000E+02 -3.273293E+03 1.028736E+01
1.151000E+02 -3.237957E+03 1.008241E+01
1.157000E+02 -3.216805E+03 9.908255E+00
1.163000E+02 -3.188170E+03 9.722517E+00
1.169000E+02 -3.159442E+03 9.543620E+00
1.175000E+02 -3.127895E+03 9.362293E+00
1.181000E+02 -3.102625E+03 9.197954E+00
1.187000E+02 -3.062095E+03 9.005116E+00
1.193000E+02 -3.028018E+03 8.833287E+00
1.199000E+02 -3.001792E+03 8.676119E+00
1.205000E+02 -2.961544E+03 8.495938E+00
1.211000E+02 -2.927425E+03 8.335816E+00
1.217000E+02 -2.898402E+03 8.177362E+00
1.223000E+02 -2.852966E+03 8.005703E+00
1.229000E+02 -2.820329E+03 7.854011E+00
1.235000E+02 -2.785874E+03 7.697479E+00
1.241000E+02 -2.747905E+03 7.544390E+00
1.247000E+02 -2.708601E+03 7.390349E+00
1.253000E+02 -2.681768E+03 7.256764E+00
1.259000E+02 -2.634856E+03 7.097672E+00
1.265000E+02 -2.598849E+03 6.956292E+00
1.271000E+02 -2.573908E+03 6.835201E+00
1.277000E+02 -2.536442E+03 6.695454E+00
1.283000E+02 -2.487865E+03 6.542549E+00
1.289000E+02 -2.464462E+03 6.430422E+00
1.295000E+02 -2.422641E+03 6.292598E+00
1.301000E+02 -2.388983E+03 6.167737E+00
1.307000E+02 -2.353966E+03 6.047108E+00
1.313000E+02 -2.320765E+03 5.927320E+00
1.319000E+02 -2.289251E+03 5.813362E+00
1.325000E+02 -2.247438E+03 5.683827E+00
1.331000E+02 -2.218812E+03 5.578668E+00
1.337000E+02 -2.182431E+03 5.462586E+00
1.343000E+02 -2.153139E+03 5.359909E+00
1.349000E+02 -2.121727E+03 5.254523E+00
1.355000E+02 -2.087384E+03 5.147056E+00
1.361000E+02 -2.055561E+03 5.045876E+00
1.367000E+02 -2.025406E+03 4.945770E+00
1.373000E+02 -1.994039E+03 4.847836E+00
1.379000E+02 -1.964183E+03 4.753991E+00
1.385000E+02 -1.932542E+03 4.658196E+00
1.391000E+02 -1.903170E+03 4.565715E+00
1.397000E+02 -1.875395E+03 4.479108E+00
1.403000E+02 -1.845479E+03 4.389489E+00
1.409000E+02 -1.818456E+03 4.306826E+00
1.415000E+02 -1.788626E+03 4.218772E+00
1.421000E+02 -1.759798E+03 4.135091E+00
1.427000E+02 -1.735665E+03 4.059959E+00
1.433000E+02 -1.707072E+03 3.977511E+00
1.439000E+02 -1.685690E+03 3.906903E+00
1.445000E+02 -1.652486E+03 3.823138E+00
1.451000E+02 -1.628489E+03 3.750835E+00
1.457000E+02 -1.601943E+03 3.677631E+00
1.463000E+02 -1.583106E+03 3.613997E+00
1.469000E+02 -1.555503E+03 3.540546E+00
1.475000E+02 -1.532076E+03 3.474104E+00
1.481000E+02 -1.505410E+03 3.404832E+00
1.487000E+02 -1.483177E+03 3.340807E+00
1.493000E+02 -1.462540E+03 3.280592E+00
1.499000E+02 -1.438610E+03 3.215688E+00
1.505000E+02 -1.414366E+03 3.153299E+00
1.511000E+02 -1.394745E+03 3.096207E+00
1.517000E+02 -1.374054E+03 3.039710E+00
1.523000E+02 -1.352402E+03 2.981482E+00
1.529000E+02 -1.331227E+03 2.925471E+00
1.535000E+02 -1.309438E+03 2.869152E+00
1.541000E+02 -1.290604E+03 2.817544E+00
1.547000E+02 -1.269918E+03 2.764167E+00
1.553000E+02 -1.250242E+03 2.712067E+00
1.559000E+02 -1.231466E+03 2.663182E+00
1.565000E+02 -1.212534E+03 2.614248E+00
1.571000E+02 -1.194396E+03 2.565452E+00
1.577000E+02 -1.174804E+03 2.517744E+00
1.583000E+02 -1.158935E+03 2.473379E+00
1.589000E+02 -1.140085E+03 2.427668E+00
1.595000E+02 -1.122467E+03 2.382817E+00
1.601000E+02 -1.105489E+03 2.339139E+00
1.607000E+02 -1.088646E+03 2.296971E+00
1.613000E+02 -1.073092E+03 2.256898E+00
1.619000E+02 -1.057588E+03 2.216907E+00
1.625000E+02 -1.039126E+03 2.174038E+00
1.631000E+02 -1.024452E+03 2.136080E+00
1.637000E+02 -1.008328E+03 2.097168E+00
1.643000E+02 -9.936631E+02 2.060780E+00
1.649000E+02 -9.786918E+02 2.023514E+00
1.655000E+02 -9.641019E+02 1.988101E+00
1.661000E+02 -9.500010E+02 1.952538E+00
1.667000E+02 -9.368404E+02 1.919924E+00
1.673000E+02 -9.198686E+02 1.882894E+00
1.679000E+02 -9.081552E+02 1.851486E+00
1.685000E+02 -8.936850E+02 1.818371E+00
1.691000E+02 -8.805531E+02 1.786692E+00
1.697000E+02 -8.671857E+02 1.754819E+00
1.703000E+02 -8.544884E+02 1.725048E+00
1.709000E+02 -8.426948E+02 1.696004E+00
1.715000E+02 -8.303848E+02 1.666245E+00
1.721000E+02 -8.167759E+02 1.636003E+00
1.727000E+02 -8.054942E+02 1.608971E+00
1.733000E+02 -7.934605E+02 1.581076E+00
1.739000E+02 -7.833678E+02 1.555710E+00
1.745000E+02 -7.697860E+02 1.527008E+00
1.751000E+02 -7.593643E+02 1.501122E+00
1.757000E+02 -7.480224E+02 1.475722E+00
1.763000E+02 -7.373900E+02 1.451036E+00
1.769000E+02 -7.265395E+02 1.426304E+00
1.775000E+02 -7.160200E+02 1.402372E+00
1.781000E+02 -7.057250E+02 1.378651E+00
1.787000E+02 -6.955872E+02 1.355720E+00
1.793000E+02 -6.853286E+02 1.332695E+00
1.799000E+02 -6.756184E+02 1.310580E+00
1.805000E+02 -6.655935E+02 1.288383E+00
1.811000E+02 -6.564772E+02 1.267580E+00
1.817000E+02 -6.466682E+02 1.245905E+00
1.823000E+02 -6.374895E+02 1.225502E+00
1.829000E+02 -6.291648E+02 1.206018E+00
1.835000E+02 -6.193008E+02 1.185227E+00
1.841000E+02 -6.109849E+02 1.166448E+00
1.847000E+02 -6.027571E+02 1.147541E+00
1.853000E+02 -5.932917E+02 1.127866E+00
1.859000E+02 -5.849546E+02 1.109862E+00
1.865000E+02 -5.773880E+02 1.092087E+00
1.871000E+02 -5.692107E+02 1.074606E+00
1.877000E+02 -5.609845E+02 1.057036E+00
1.883000E+02 -5.527241E+02 1.039308E+00
1.889000E+02 -5.452054E+02 1.022944E+00
1.895000E+02 -5.381018E+02 1.007056E+00
1.901000E+02 -5.304618E+02 9.907949E-01
1.907000E+02 -5.225293E+02 9.743625E-01
1.913000E+02 -5.161496E+02 9.598171E-01
1.919000E+02 -5.081814E+02 9.436411E-01
1.925000E+02 -5.014895E+02 9.291250E-01
1.931000E+02 -4.949462E+02 9.145811E-01
1.937000E+02 -4.875098E+02 8.997982E-01
1.943000E+02 -4.814005E+02 8.860695E-01
1.949000E+02 -4.743648E+02 8.717667E-01
1.955000E+02 -4.686643E+02 8.589526E-01
1.961000E+02 -4.609659E+02 8.441732E-01
1.967000E+02 -4.555327E+02 8.318890E-01
1.973000E+02 -4.494976E+02 8.190423E-01
1.979000E+02 -4.431737E+02 8.063245E-01
1.985000E+02 -4.371867E+02 7.936640E-01
1.991000E+02 -4.311279E+02 7.813029E-01
1.997000E+02 -4.253985E+02 7.693916E-01
2.005000E+02 -8.188619E+02 1.384273E+00
2.015000E+02 -7.265543E+02 1.339895E+00
2.025000E+02 -3.911017E+02 1.252585E+00
2.035000E+02 -3.828534E+02 1.221859E+00
2.045000E+02 -3.749085E+02 1.191814E+00
2.055000E+02 -3.658388E+02 1.161372E+00
2.065000E+02 -3.584703E+02 1.133067E+00
2.075000E+02 -3.506064E+02 1.104703E+00
2.085000E+02 -3.426989E+02 1.077868E+00
2.095000E+02 -3.355924E+02 1.051036E+00
2.105000E+02 -3.285246E+02 1.026122E+00
2.115000E+02 -3.208021E+02 9.997052E-01
2.125000E+02 -3.151233E+02 9.774806E-01
2.135000E+02 -3.069350E+02 9.515552E-01
2.145000E+02 -3.017649E+02 9.311417E-01
2.155000E+02 -2.947104E+02 9.074129E-01
2.165000E+02 -2.886666E+02 8.858524E-01
2.175000E+02 -2.835335E+02 8.668405E-01
2.185000E+02 -2.756316E+02 8.425801E-01
2.195000E+02 -2.711012E+02 8.248217E-01
2.205000E+02 -2.655139E+02 8.053362E-01
2.215000E+02 -2.584181E+02 7.844974E-01
2.225000E+02 -2.552627E+02 7.692551E-01
2.235000E+02 -2.488596E+02 7.495976E-01
2.245000E+02 -2.432963E+02 7.317901E-01
2.255000E+02 -2.387687E+02 7.150260E-01
2.265000E+02 -2.340350E+02 6.990978E-01
2.275000E+02 -2.297322E+02 6.839509E-01
2.285000E+02 -2.247682E+02 6.677907E-01
2.295000E+02 -2.198496E+02 6.519499E-01
2.305000E+02 -2.153697E+02 6.369272E-01
2.315000E+02 -2.118040E+02 6.240527E-01
2.325000E+02 -2.068588E+02 6.088226E-01
2.335000E+02 -2.027502E+02 5.950163E-01
2.345000E+02 -1.993802E+02 5.827551E-01
2.355000E+02 -1.941653E+02 5.681742E-01
2.365000E+02 -1.916650E+02 5.574035E-01
2.375000E+02 -1.879108E+02 5.451129E-01
2.385000E+02 -1.832284E+02 5.315726E-01
2.395000E+02 -1.801582E+02 5.207719E-01
2.405000E+02 -1.763614E+02 5.088456E-01
2.415000E+02 -1.733468E+02 4.982806E-01
2.425000E+02 -1.695632E+02 4.869060E-01
2.435000E+02 -1.663766E+02 4.766848E-01
2.445000E+02 -1.637826E+02 4.673365E-01
2.455000E+02 -1.599775E+02 4.561439E-01
2.465000E+02 -1.574469E+02 4.471328E-01
2.475000E+02 -1.539608E+02 4.368538E-01
2.485000E+02 -1.505259E+02 4.269691E-01
2.495000E+02 -1.490429E+02 4.199340E-01
2.505000E+02 -1.454149E+02 4.095548E-01
2.515000E+02 -1.426252E+02 4.010844E-01
2.525000E+02 -1.400450E+02 3.928415E-01
2.535000E+02 -1.375019E+02 3.846597E-01
2.545000E+02 -1.349239E+02 3.766612E-01
2.555000E+02 -1.324123E+02 3.688336E-01
2.565000E+02 -1.299860E+02 3.611760E-01
2.575000E+02 -1.277355E+02 3.541662E-01
2.585000E+02 -1.250783E+02 3.462655E-01
2.595000E+02 -1.231758E+02 3.397234E-01
2.605000E+02 -1.202658E+02 3.319186E-01
2.615000E+02 -1.185740E+02 3.257336E-01
2.625000E+02 -1.165974E+02 3.195283E-01
2.635000E+02 -1.139949E+02 3.123637E-01
2.645000E+02 -1.121635E+02 3.063634E-01
2.655000E+02 -1.100061E+02 2.999789E-01
2.665000E+02 -1.081989E+02 2.943350E-01
2.675000E+02 -1.059477E+02 2.878581E-01
2.685000E+02 -1.045723E+02 2.829537E-01
2.695000E+02 -1.024978E+02 2.770309E-01
2.705000E+02 -1.004037E+02 2.711026E-01
2.715000E+02 -9.889819E+01 2.661350E-01
2.725000E+02 -9.718258E+01 2.610589E-01
2.735000E+02 -9.527507E+01 2.556220E-01
2.745000E+02 -9.379334E+01 2.509512E-01
2.755000E+02 -9.187541E+01 2.454577E-01
2.765000E+02 -9.068993E+01 2.415266E-01
2.775000E+02 -8.880444E+01 2.363698E-01
2.785000E+02 -8.743832E+01 2.319368E-01
2.795000E+02 -8.564324E+01 2.272239E-01
2.805000E+02 -8.455546E+01 2.233074E-01
2.815000E+02 -8.277315E+01 2.186328E-01
2.825000E+02 -8.164232E+01 2.149089E-01
2.835000E+02 -8.013071E+01 2.106094E-01
2.845000E+02 -7.871402E+01 2.065527E-01
2.855000E+02 -7.742721E+01 2.026671E-01
2.865000E+02 -7.593329E+01 1.987528E-01
2.875000E+02 -7.466392E+01 1.949265E-01
2.885000E+02 -7.366675E+01 1.916894E-01
2.895000E+02 -7.216024E+01 1.877067E-01
2.905000E+02 -7.119618E+01 1.845013E-01
2.915000E+02 -6.984392E+01 1.809959E-01
2.925000E+02 -6.872558E+01 1.776281E-01
2.935000E+02 -6.751463E+01 1.742850E-01
2.945000E+02 -6.649705E+01 1.712248E-01
2.955000E+02 -6.528816E+01 1.679457E-01
2.965000E+02 -6.434013E+01 1.649852E-01
2.975000E+02 -6.334041E+01 1.620930E-01
2.985000E+02 -6.223994E+01 1.590821E-01
2.995000E+02 -6.109595E+01 1.560432E-01
3.005000E+02 -6.031663E+01 1.534778E-01
3.015000E+02 -5.897513E+01 1.502215E-01
3.025000E+02 -5.833916E+01 1.480173E-01
3.035000E+02 -5.743069E+01 1.453811E-01
3.045000E+02 -5.630134E+01 1.424791E-01
3.055000E+02 -5.548120E+01 1.400835E-01
3.065000E+02 -5.449869E+01 1.374678E-01
3.075000E+02 -5.383704E+01 1.353218E-01
3.085000E+02 -5.274193E+01 1.326132E-01
3.095000E+02 -5.216708E+01 1.306635E-01
3.105000E+02 -5.113483E+01 1.280379E-01
3.115000E+02 -5.030729E+01 1.257914E-01
3.125000E+02 -4.963507E+01 1.237710E-01
3.135000E+02 -4.879631E+01 1.215647E-01
3.145000E+02 -4.804482E+01 1.194289E-01
3.155000E+02 -4.730187E+01 1.173925E-01
3.165000E+02 -4.656257E+01 1.153542E-01
3.175000E+02 -4.583310E+01 1.133500E-01
3.185000E+02 -4.512516E+01 1.114413E-01
3.195000E+02 -4.446714E+01 1.095713E-01
3.205000E+02 -4.358754E+01 1.074431E-01
3.215000E+02 -4.314028E+01 1.059068E-01
3.225000E+02 -4.243148E+01 1.040938E-01
3.235000E+02 -4.167513E+01 1.021388E-01
3.245000E+02 -4.113227E+01 1.005514E-01
3.255000E+02 -4.046844E+01 9.882330E-02
3.265000E+02 -3.984166E+01 9.710861E-02
3.275000E+02 -3.924396E+01 9.552741E-02
3.285000E+02 -3.877117E+01 9.410334E-02
3.295000E+02 -3.794208E+01 9.217551E-02
3.305000E+02 -3.759807E+01 9.096284E-02
3.315000E+02 -3.692788E+01 8.930094E-02
3.325000E+02 -3.644842E+01 8.792251E-02
3.335000E+02 -3.579910E+01 8.635880E-02
3.345000E+02 -3.530476E+01 8.498089E-02
3.355000E+02 -3.479429E+01 8.357823E-02
3.365000E+02 -3.421757E+01 8.215613E-02
3.375000E+02 -3.374831E+01 8.085342E-02
3.385000E+02 -3.330246E+01 7.960759E-02
3.395000E+02 -3.279184E+01 7.828400E-02
3.405000E+02 -3.230812E+01 7.703712E-02
3.415000E+02 -3.185983E+01 7.582780E-02
3.425000E+02 -3.127671E+01 7.442075E-02
3.435000E+02 -3.098070E+01 7.344463E-02
3.445000E+02 -3.041038E+01 7.211073E-02
3.455000E+02 -2.998863E+01 7.097951E-02
3.465000E+02 -2.956784E+01 6.986867E-02
3.475000E+02 -2.914033E+01 6.875252E-02
3.485000E+02 -2.872770E+01 6.766494E-02
3.495000E+02 -2.832647E+01 6.661706E-02
3.505000E+02 -2.794812E+01 6.560551E-02
3.515000E+02 -2.748792E+01 6.449404E-02
3.525000E+02 -2.710099E+01 6.347690E-02
3.535000E+02 -2.677212E+01 6.254275E-02
3.545000E+02 -2.633952E+01 6.153197E-02
3.555000E+02 -2.595762E+01 6.054117E-02
3.565000E+02 -2.560255E+01 5.961511E-02
3.575000E+02 -2.526704E+01 5.873405E-02
3.585000E+02 -2.492262E+01 5.783130E-02
3.595000E+02 -2.450827E+01 5.683402E-02
3.605000E+02 -2.418886E+01 5.600835E-02
3.615000E+02 -2.388435E+01 5.517585E-02
3.625000E+02 -2.348650E+01 5.426620E-02
3.635000E+02 -2.322997E+01 5.351337E-02
3.645000E+02 -2.288782E+01 5.267795E-02
3.655000E+02 -2.257483E+01 5.186519E-02
3.665000E+02 -2.225007E+01 5.107915E-02
3.675000E+02 -2.196529E+01 5.033226E-02
3.685000E+02 -2.161788E+01 4.949285E-02
3.695000E+02 -2.135630E+01 4.880713E-02
3.705000E+02 -2.107148E+01 4.807911E-02
3.715000E+02 -2.076701E+01 4.732150E-02
3.725000E+02 -2.046019E+01 4.661005E-02
3.735000E+02 -2.022432E+01 4.595497E-02
3.745000E+02 -1.995913E+01 4.527874E-02
3.755000E+02 -1.962355E+01 4.452547E-02
3.765000E+02 -1.941909E+01 4.393924E-02
3.775000E+02 -1.914580E+01 4.326186E-02
3.785000E+02 -1.887625E+01 4.262833E-02
3.795000E+02 -1.862736E+01 4.199341E-02
3.805000E+02 -1.836115E+01 4.135497E-02
3.815000E+02 -1.815682E+01 4.080657E-02
3.825000E+02 -1.788315E+01 4.015716E-02
3.835000E+02 -1.765392E+01 3.958289E-02
3.845000E+02 -1.742475E+01 3.901820E-02
3.855000E+02 -1.717936E+01 3.843076E-02
3.865000E+02 -1.696309E+01 3.788683E-02
3.875000E+02 -1.673259E+01 3.732847E-02
3.885000E+02 -1.653123E+01 3.681521E-02
3.895000E+02 -1.627655E+01 3.623106E-02
3.905000E+02 -1.611932E+01 3.578392E-02
3.915000E+02 -1.585708E+01 3.521535E-02
3.925000E+02 -1.568715E+01 3.474526E-02
3.935000E+02 -1.545164E+01 3.421086E-02
3.945000E+02 -1.526298E+01 3.374228E-02
3.955000E+02 -1.509800E+01 3.330367E-02
3.965000E+02 -1.486659E+01 3.277939E-02
3.975000E+02 -1.466414E+01 3.229682E-02
3.985000E+02 -1.451449E+01 3.190855E-02
3.995000E+02 -1.429229E+01 3.140626E-02
4.005000E+02 -1.413829E+01 3.099453E-02
4.015000E+02 -1.395272E+01 3.055848E-02
4.025000E+02 -1.375090E+01 3.009631E-02
4.035000E+02 -1.359924E+01 2.971284E-02
4.045000E+02 -1.341983E+01 2.927959E-02
4.055000E+02 -1.326550E+01 2.890117E-02
4.065000E+02 -1.305972E+01 2.845322E-02
4.075000E+02 -1.290669E+01 2.807334E-02
4.085000E+02 -1.276231E+01 2.770339E-02
4.095000E+02 -1.260428E+01 2.732588E-02
4.105000E+02 -1.242388E+01 2.692633E-02
4.115000E+02 -1.228790E+01 2.656987E-02
4.125000E+02 -1.212476E+01 2.620122E-02
4.135000E+02 -1.197782E+01 2.584586E-02
4.145000E+02 -1.181385E+01 2.548313E-02
4.155000E+02 -1.167868E+01 2.513998E-02
4.165000E+02 -1.154780E+01 2.481094E-02
4.175000E+02 -1.137357E+01 2.445107E-02
4.185000E+02 -1.123472E+01 2.411779E-02
4.195000E+02 -1.113490E+01 2.383493E-02
4.205000E+02 -1.096457E+01 2.347894E-02
4.215000E+02 -1.084360E+01 2.316814E-02
4.225000E+02 -1.072980E+01 2.288867E-02
4.235000E+02 -1.055134E+01 2.252098E-02
4.245000E+02 -1.044675E+01 2.224951E-02
4.255000E+02 -1.031974E+01 2.195380E-02
4.265000E+02 -1.020853E+01 2.167778E-02
4.275000E+02 -1.006135E+01 2.136508E-02
4.285000E+02 -9.951680E+00 2.109446E-02
4.295000E+02 -9.828342E+00 2.081012E-02
4.305000E+02 -9.721563E+00 2.055202E-02
4.315000E+02 -9.583729E+00 2.025288E-02
4.325000E+02 -9.490805E+00 2.001911E-02
4.335000E+02 -9.355091E+00 1.972109E-02
4.345000E+02 -9.266310E+00 1.949392E-02
4.355000E+02 -9.125456E+00 1.920433E-02
4.365000E+02 -9.020125E+00 1.895727E-02
4.375000E+02 -8.943438E+00 1.874484E-02
4.385000E+02 -8.813826E+00 1.847565E-02
4.395000E+02 -8.724528E+00 1.825483E-02
4.405000E+02 -8.614508E+00 1.800630E-02
4.415000E+02 -8.509179E+00 1.777320E-02
4.425000E+02 -8.415737E+00 1.754979E-02
4.435000E+02 -8.304990E+00 1.730607E-02
4.445000E+02 -8.215731E+00 1.710075E-02
4.455000E+02 -8.129960E+00 1.688871E-02
4.465000E+02 -8.012085E+00 1.665062E-02
4.475000E+02 -7.929355E+00 1.644847E-02
4.485000E+02 -7.842361E+00 1.624319E-02
4.495000E+02 -7.738695E+00 1.602544E-02
4.505000E+02 -7.672316E+00 1.584609E-02
4.515000E+02 -7.556064E+00 1.561402E-02
4.525000E+02 -7.480495E+00 1.542710E-02
4.535000E+02 -7.393917E+00 1.523893E-02
4.545000E+02 -7.314774E+00 1.505162E-02
4.555000E+02 -7.223950E+00 1.485117E-02
4.565000E+02 -7.147518E+00 1.467356E-02
4.575000E+02 -7.060697E+00 1.448448E-02
4.585000E+02 -6.973245E+00 1.429532E-02
4.595000E+02 -6.898452E+00 1.412303E-02
4.605000E+02 -6.819364E+00 1.394689E-02
4.615000E+02 -6.749732E+00 1.378032E-02
4.625000E+02 -6.669868E+00 1.360850E-02
4.635000E+02 -6.587888E+00 1.343038E-02
4.645000E+02 -6.516413E+00 1.326767E-02
4.655000E+02 -6.444567E+00 1.310791E-02
4.665000E+02 -6.376021E+00 1.294808E-02
4.675000E+02 -6.303640E+00 1.279003E-02
4.685000E+02 -6.222604E+00 1.261835E-02
4.695000E+02 -6.160906E+00 1.247703E-02
4.705000E+02 -6.102450E+00 1.233473E-02
4.715000E+02 -6.013539E+00 1.215903E-02
4.725000E+02 -5.952350E+00 1.202097E-02
4.735000E+02 -5.888990E+00 1.187795E-02
4.745000E+02 -5.824990E+00 1.173176E-02
4.755000E+02 -5.758035E+00 1.158841E-02
4.765000E+02 -5.696044E+00 1.145051E-02
4.775000E+02 -5.628945E+00 1.130850E-02
4.785000E+02 -5.575901E+00 1.117949E-02
4.795000E+02 -5.510308E+00 1.104196E-02
4.805000E+02 -5.445308E+00 1.090220E-02
4.815000E+02 -5.388543E+00 1.077914E-02
4.825000E+02 -5.330124E+00 1.064779E-02
4.835000E+02 -5.271481E+00 1.052317E-02
4.845000E+02 -5.216744E+00 1.039683E-02
4.855000E+02 -5.157179E+00 1.027236E-02
4.865000E+02 -5.103645E+00 1.015152E-02
4.875000E+02 -5.039169E+00 1.002315E-02
4.885000E+02 -4.992240E+00 9.910827E-03
4.895000E+02 -4.938214E+00 9.792686E-03
4.905000E+02 -4.886427E+00 9.683613E-03
4.915000E+02 -4.827234E+00 9.559465E-03
4.925000E+02 -4.779752E+00 9.451520E-03
4.935000E+02 -4.728528E+00 9.342557E-03
4.945000E+02 -4.672441E+00 9.223618E-03
4.955000E+02 -4.629005E+00 9.126843E-03
4.965000E+02 -4.583847E+00 9.023574E-03
4.975000E+02 -4.528412E+00 8.911361E-03
4.985000E+02 -4.477874E+00 8.806260E-03
4.995000E+02 -4.431842E+00 8.703192E-03
5.008333E+02 -4.455457E+00 1.280727E-02
5.025000E+02 -4.384507E+00 1.256660E-02
5.041667E+02 -4.294705E+00 1.230909E-02
5.058333E+02 -4.236390E+00 1.209858E-02
5.075000E+02 -4.153680E+00 1.185449E-02
5.091667E+02 -4.081871E+00 1.163422E-02
5.108333E+02 -4.003948E+00 1.139297E-02
5.125000E+02 -3.933409E+00 1.119177E-02
5.141667E+02 -3.890873E+00 1.101109E-02
5.158333E+02 -3.793763E+00 1.075710E-02
5.175000E+02 -3.743668E+00 1.058155E-02
5.191667E+02 -3.679969E+00 1.038332E-02
5.208333E+02 -3.610069E+00 1.017937E-02
5.225000E+02 -3.561161E+00 1.000975E-02
5.241667E+02 -3.495432E+00 9.814851E-03
5.258333E+02 -3.423230E+00 9.620562E-03
5.275000E+02 -3.377706E+00 9.453821E-03
5.291667E+02 -3.322832E+00 9.288308E-03
5.308333E+02 -3.262368E+00 9.106755E-03
5.325000E+02 -3.207445E+00 8.944092E-03
5.341667E+02 -3.155303E+00 8.781382E-03
5.358333E+02 -3.103476E+00 8.624405E-03
5.375000E+02 -3.048297E+00 8.461254E-03
5.391667E+02 -3.006872E+00 8.322944E-03
5.408333E+02 -2.945801E+00 8.156661E-03
5.425000E+02 -2.903657E+00 8.018693E-03
5.441667E+02 -2.853162E+00 7.870615E-03
5.458333E+02 -2.809751E+00 7.734642E-03
5.475000E+02 -2.758742E+00 7.589858E-03
5.491667E+02 -2.724681E+00 7.471733E-03
5.508333E+02 -2.663624E+00 7.315692E-03
5.525000E+02 -2.630572E+00 7.201138E-03
5.541667E+02 -2.590875E+00 7.074260E-03
5.558333E+02 -2.537934E+00 6.934749E-03
5.575000E+02 -2.508282E+00 6.831066E-03
5.591667E+02 -2.463087E+00 6.704296E-03
5.608333E+02 -2.424211E+00 6.586497E-03
5.625000E+02 -2.383094E+00 6.470282E-03
5.641667E+02 -2.347857E+00 6.362304E-03
5.658333E+02 -2.310523E+00 6.250953E-03
5.675000E+02 -2.270978E+00 6.136513E-03
5.691667E+02 -2.235427E+00 6.035824E-03
5.708333E+02 -2.206246E+00 5.938130E-03
5.725000E+02 -2.166404E+00 5.829671E-03
5.741667E+02 -2.126850E+00 5.722844E-03
5.758333E+02 -2.095575E+00 5.627099E-03
5.775000E+02 -2.078857E+00 5.553571E-03
5.791667E+02 -2.037187E+00 5.447081E-03
5.808333E+02 -1.993638E+00 5.335220E-03
5.825000E+02 -1.975696E+00 5.267385E-03
5.841667E+02 -1.933233E+00 5.160403E-03
5.858333E+02 -1.916541E+00 5.091004E-03
5.875000E+02 -1.883682E+00 5.003057E-03
5.891667E+02 -1.850738E+00 4.911534E-03
5.908333E+02 -1.825209E+00 4.834442E-03
5.925000E+02 -1.793785E+00 4.748015E-03
5.941667E+02 -1.769574E+00 4.674823E-03
5.958333E+02 -1.741789E+00 4.595288E-03
5.975000E+02 -1.714167E+00 4.518444E-03
5.991667E+02 -1.690256E+00 4.446302E-03
6.008333E+02 -1.662911E+00 4.371014E-03
6.025000E+02 -1.638387E+00 4.300161E-03
6.041667E+02 -1.614413E+00 4.230946E-03
6.058333E+02 -1.589991E+00 4.159854E-03
6.075000E+02 -1.565227E+00 4.092398E-03
6.091667E+02 -1.541057E+00 4.022846E-03
6.108333E+02 -1.521449E+00 3.964438E-03
6.125000E+02 -1.497300E+00 3.896954E-03
6.141667E+02 -1.471959E+00 3.830582E-03
6.158333E+02 -1.451213E+00 3.768879E-03
6.175000E+02 -1.432064E+00 3.712337E-03
6.191667E+02 -1.408889E+00 3.649974E-03
6.208333E+02 -1.389156E+00 3.592624E-03
6.225000E+02 -1.368784E+00 3.535599E-03
6.241667E+02 -1.348745E+00 3.479128E-03
6.258333E+02 -1.328613E+00 3.423024E-03
6.275000E+02 -1.310390E+00 3.370611E-03
6.291667E+02 -1.288999E+00 3.314036E-03
6.308333E+02 -1.271490E+00 3.262476E-03
6.325000E+02 -1.253404E+00 3.212268E-03
6.341667E+02 -1.234472E+00 3.161230E-03
6.358333E+02 -1.218414E+00 3.113097E-03
6.375000E+02 -1.197880E+00 3.061435E-03
6.391667E+02 -1.181492E+00 3.013703E-03
6.408333E+02 -1.165042E+00 2.967524E-03
6.425000E+02 -1.152342E+00 2.926008E-03
6.441667E+02 -1.130309E+00 2.874652E-03
6.458333E+02 -1.114628E+00 2.829113E-03
6.475000E+02 -1.101873E+00 2.790517E-03
6.491667E+02 -1.086924E+00 2.748814E-03
6.508333E+02 -1.066435E+00 2.698731E-03
6.525000E+02 -1.052332E+00 2.658922E-03
6.541667E+02 -1.039667E+00 2.621557E-03
6.558333E+02 -1.026475E+00 2.582742E-03
6.575000E+02 -1.009361E+00 2.539941E-03
6.591667E+02 -9.965034E-01 2.502661E-03
6.608333E+02 -9.806698E-01 2.461946E-03
6.625000E+02 -9.681374E-01 2.427028E-03
6.641667E+02 -9.565150E-01 2.392682E-03
6.658333E+02 -9.426229E-01 2.356738E-03
6.675000E+02 -9.263035E-01 2.314758E-03
6.691667E+02 -9.172054E-01 2.285120E-03
6.708333E+02 -9.026552E-01 2.249221E-03
6.725000E+02 -8.899216E-01 2.215300E-03
6.741667E+02 -8.772871E-01 2.181318E-03
6.758333E+02 -8.676192E-01 2.152096E-03
6.775000E+02 -8.542546E-01 2.118255E-03
6.791667E+02 -8.423792E-01 2.085818E-03
6.808333E+02 -8.324991E-01 2.057901E-03
6.825000E+02 -8.185560E-01 2.023681E-03
6.841667E+02 -8.082939E-01 1.994726E-03
6.858333E+02 -7.995518E-01 1.968950E-03
6.875000E+02 -7.860049E-01 1.935469E-03
6.891667E+02 -7.757799E-01 1.908393E-03
6.908333E+02 -7.653516E-01 1.879985E-03
6.925000E+02 -7.538604E-01 1.851005E-03
6.941667E+02 -7.460191E-01 1.827432E-03
6.958333E+02 -7.369689E-01 1.802216E-03
6.975000E+02 -7.254384E-01 1.773353E-03
6.991667E+02 -7.150810E-01 1.746600E-03
7.008333E+02 -7.063379E-01 1.722887E-03
7.025000E+02 -6.979138E-01 1.699211E-03
7.041667E+02 -6.863142E-01 1.671883E-03
7.058333E+02 -6.783096E-01 1.647939E-03
7.075000E+02 -6.709618E-01 1.627581E-03
7.091667E+02 -6.597685E-01 1.601511E-03
7.108333E+02 -6.514372E-01 1.578223E-03
7.125000E+02 -6.437637E-01 1.557536E-03
7.141667E+02 -6.345424E-01 1.534352E-03
7.158333E+02 -6.264597E-01 1.512523E-03
7.175000E+02 -6.189213E-01 1.492106E-03
7.191667E+02 -6.100220E-01 1.469333E-03
7.208333E+02 -6.021491E-01 1.449396E-03
7.225000E+02 -5.957076E-01 1.430408E-03
7.241667E+02 -5.865686E-01 1.408815E-03
7.258333E+02 -5.785874E-01 1.388317E-03
7.275000E+02 -5.722598E-01 1.370125E-03
7.291667E+02 -5.637173E-01 1.349404E-03
7.308333E+02 -5.573320E-01 1.331949E-03
7.325000E+02 -5.496762E-01 1.312863E-03
7.341667E+02 -5.432032E-01 1.295320E-03
7.358333E+02 -5.358667E-01 1.276590E-03
7.375000E+02 -5.291868E-01 1.259070E-03
7.391667E+02 -5.219525E-01 1.241218E-03
7.408333E+02 -5.148343E-01 1.223227E-03
7.425000E+02 -5.092388E-01 1.208061E-03
7.441667E+02 -5.032848E-01 1.191631E-03
7.458333E+02 -4.958082E-01 1.174201E-03
7.475000E+02 -4.903725E-01 1.159105E-03
7.491667E+02 -4.842788E-01 1.143102E-03
7.508333E+02 -4.773728E-01 1.126770E-03
7.525000E+02 -4.718181E-01 1.112145E-03
7.541667E+02 -4.650499E-01 1.095499E-03
7.558333E+02 -4.601746E-01 1.082041E-03
7.575000E+02 -4.534058E-01 1.066042E-03
7.591667E+02 -4.494083E-01 1.053660E-03
7.608333E+02 -4.425725E-01 1.037897E-03
7.625000E+02 -4.371351E-01 1.024067E-03
7.641667E+02 -4.321577E-01 1.010846E-03
7.658333E+02 -4.268260E-01 9.972015E-04
7.675000E+02 -4.208763E-01 9.831517E-04
7.691667E+02 -4.163724E-01 9.708315E-04
7.708333E+02 -4.106615E-01 9.570191E-04
7.725000E+02 -4.058755E-01 9.448346E-04
7.741667E+02 -4.013099E-01 9.324577E-04
7.758333E+02 -3.954065E-01 9.189896E-04
7.775000E+02 -3.910906E-01 9.071121E-04
7.791667E+02 -3.867843E-01 8.962617E-04
7.808333E+02 -3.814420E-01 8.835238E-04
7.825000E+02 -3.766475E-01 8.714845E-04
7.841667E+02 -3.721382E-01 8.601599E-04
7.858333E+02 -3.682465E-01 8.497024E-04
7.875000E+02 -3.637082E-01 8.383783E-04
7.891667E+02 -3.589576E-01 8.270316E-04
7.908333E+02 -3.542703E-01 8.155537E-04
7.925000E+02 -3.501128E-01 8.052470E-04
7.941667E+02 -3.470169E-01 7.960521E-04
7.958333E+02 -3.410325E-01 7.835596E-04
7.975000E+02 -3.381464E-01 7.747549E-04
7.991667E+02 -3.344306E-01 7.651867E-04
8.008333E+02 -3.295109E-01 7.540822E-04
8.025000E+02 -3.258646E-01 7.447905E-04
8.041667E+02 -3.220092E-01 7.350938E-04
8.058333E+02 -3.179444E-01 7.254656E-04
8.075000E+02 -3.146042E-01 7.165632E-04
8.091667E+02 -3.105091E-01 7.070039E-04
8.108333E+02 -3.071618E-01 6.982242E-04
8.125000E+02 -3.032517E-01 6.890933E-04
8.141667E+02 -2.994278E-01 6.797081E-04
8.158333E+02 -2.964009E-01 6.720922E-04
8.175000E+02 -2.929048E-01 6.633433E-04
8.191667E+02 -2.891289E-01 6.543799E-04
8.208333E+02 -2.863351E-01 6.469651E-04
8.225000E+02 -2.826863E-01 6.383486E-04
8.241667E+02 -2.789382E-01 6.298052E-04
8.258333E+02 -2.762542E-01 6.223709E-04
8.275000E+02 -2.728279E-01 6.143617E-04
8.291667E+02 -2.696236E-01 6.063762E-04
8.308333E+02 -2.666723E-01 5.993761E-04
8.325000E+02 -2.632123E-01 5.911446E-04
8.341667E+02 -2.604385E-01 5.841619E-04
8.358333E+02 -2.573554E-01 5.769250E-04
8.375000E+02 -2.543340E-01 5.694241E-04
8.391667E+02 -2.516967E-01 5.627051E-04
8.408333E+02 -2.485231E-01 5.555057E-04
8.425000E+02 -2.455031E-01 5.483109E-04
8.441667E+02 -2.430739E-01 5.419554E-04
8.458333E+02 -2.400094E-01 5.350170E-04
8.475000E+02 -2.375473E-01 5.286883E-04
8.491667E+02 -2.345427E-01 5.216514E-04
8.508333E+02 -2.320287E-01 5.156294E-04
8.525000E+02 -2.290870E-01 5.088420E-04
8.541667E+02 -2.269226E-01 5.031529E-04
8.558333E+02 -2.241493E-01 4.967870E-04
8.575000E+02 -2.214237E-01 4.902803E-04
8.591667E+02 -2.193362E-01 4.849286E-04
8.608333E+02 -2.166413E-01 4.787826E-04
8.625000E+02 -2.143760E-01 4.731041E-04
8.641667E+02 -2.118682E-01 4.670899E-04
8.658333E+02 -2.091169E-01 4.612494E-04
8.675000E+02 -2.068107E-01 4.556125E-04
8.691667E+02 -2.047121E-01 4.501754E-04
8.708333E+02 -2.027401E-01 4.454405E-04
8.725000E+02 -2.004919E-01 4.397786E-04
8.741667E+02 -1.977780E-01 4.340376E-04
8.758333E+02 -1.958693E-01 4.291485E-04
8.775000E+02 -1.933165E-01 4.234436E-04
8.791667E+02 -1.915753E-01 4.189001E-04
8.808333E+02 -1.891500E-01 4.136803E-04
8.825000E+02 -1.873560E-01 4.090043E-04
8.841667E+02 -1.852331E-01 4.039908E-04
8.858333E+02 -1.832149E-01 3.992796E-04
8.875000E+02 -1.808061E-01 3.940052E-04
8.891667E+02 -1.792427E-01 3.898524E-04
8.908333E+02 -1.771322E-01 3.850545E-04
8.925000E+02 -1.751952E-01 3.805072E-04
8.941667E+02 -1.730960E-01 3.757794E-04
8.958333E+02 -1.715096E-01 3.717093E-04
8.975000E+02 -1.695113E-01 3.670746E-04
8.991667E+02 -1.677942E-01 3.630510E-04
9.008333E+02 -1.657659E-01 3.585902E-04
9.025000E+02 -1.638185E-01 3.540065E-04
9.041667E+02 -1.624252E-01 3.503943E-04
9.058333E+02 -1.603909E-01 3.459039E-04
9.075000E+02 -1.587735E-01 3.421313E-04
9.091667E+02 -1.570656E-01 3.381681E-04
9.108333E+02 -1.553683E-01 3.340784E-04
9.125000E+02 -1.534824E-01 3.300434E-04
9.141667E+02 -1.520062E-01 3.263492E-04
9.158333E+02 -1.504600E-01 3.226949E-04
9.175000E+02 -1.488713E-01 3.190131E-04
9.191667E+02 -1.469318E-01 3.148704E-04
9.208333E+02 -1.456792E-01 3.116317E-04
9.225000E+02 -1.440751E-01 3.079614E-04
9.241667E+02 -1.425046E-01 3.044416E-04
9.258333E+02 -1.409021E-01 3.008168E-04
9.275000E+02 -1.396194E-01 2.975592E-04
9.291667E+02 -1.380418E-01 2.940587E-04
9.308333E+02 -1.365765E-01 2.906853E-04
9.325000E+02 -1.350391E-01 2.872723E-04
9.341667E+02 -1.335107E-01 2.837971E-04
9.358333E+02 -1.322332E-01 2.808400E-04
9.375000E+02 -1.310049E-01 2.777290E-04
9.391667E+02 -1.293532E-01 2.743185E-04
9.408333E+02 -1.279998E-01 2.711886E-04
9.425000E+02 -1.269435E-01 2.684775E-04
9.441667E+02 -1.253619E-01 2.651414E-04
9.458333E+02 -1.242164E-01 2.623294E-04
9.475000E+02 -1.228259E-01 2.593214E-04
9.491667E+02 -1.215937E-01 2.563073E-04
9.508333E+02 -1.200409E-01 2.531920E-04
9.525000E+02 -1.192778E-01 2.508626E-04
9.541667E+02 -1.176870E-01 2.476843E-04
9.558333E+02 -1.166442E-01 2.451472E-04
9.575000E+02 -1.153604E-01 2.422558E-04
9.591667E+02 -1.140631E-01 2.393739E-04
9.608333E+02 -1.130392E-01 2.370101E-04
9.625000E+02 -1.117566E-01 2.341445E-04
9.641667E+02 -1.106964E-01 2.317104E-04
9.658333E+02 -1.095951E-01 2.291277E-04
9.675000E+02 -1.084108E-01 2.264930E-04
9.691667E+02 -1.071701E-01 2.239296E-04
9.708333E+02 -1.062556E-01 2.216073E-04
9.725000E+02 -1.051171E-01 2.191110E-04
9.741667E+02 -1.039168E-01 2.165371E-04
9.758333E+02 -1.030577E-01 2.143903E-04
9.775000E+02 -1.017986E-01 2.117928E-04
9.791667E+02 -1.008140E-01 2.095279E-04
9.808333E+02 -9.975823E-02 2.071664E-04
9.825000E+02 -9.888109E-02 2.050864E-04
9.841667E+02 -9.791329E-02 2.028363E-04
9.858333E+02 -9.675814E-02 2.004689E-04
9.875000E+02 -9.571489E-02 1.981881E-04
9.891667E+02 -9.486028E-02 1.961536E-04
9.908333E+02 -9.412604E-02 1.943249E-04
9.925000E+02 -9.290140E-02 1.918526E-04
9.941667E+02 -9.209326E-02 1.899063E-04
9.958333E+02 -9.100679E-02 1.876627E-04
9.975000E+02 -9.016033E-02 1.857510E-04
9.991667E+02 -8.931799E-02 1.837601E-04
1.001667E+03 -8.798869E-02 2.559171E-04
1.005000E+03 -8.596119E-02 2.499547E-04
1.008333E+03 -8.477459E-02 2.453138E-04
1.011667E+03 -8.277883E-02 2.397344E-04
1.015000E+03 -8.088047E-02 2.340822E-04
1.018333E+03 -7.976828E-02 2.300481E-04
1.021667E+03 -7.807258E-02 2.249290E-04
1.025000E+03 -7.644879E-02 2.199265E-04
1.028333E+03 -7.485045E-02 2.152483E-04
1.031667E+03 -7.356890E-02 2.109413E-04
1.035000E+03 -7.224449E-02 2.067191E-04
1.038333E+03 -7.066456E-02 2.021064E-04
1.041667E+03 -6.922435E-02 1.977504E-04
1.045000E+03 -6.811987E-02 1.940872E-04
1.048333E+03 -6.663354E-02 1.896621E-04
1.051667E+03 -6.536352E-02 1.858269E-04
1.055000E+03 -6.436763E-02 1.824658E-04
1.058333E+03 -6.276848E-02 1.779801E-04
1.061667E+03 -6.175414E-02 1.747333E-04
1.065000E+03 -6.063068E-02 1.711448E-04
1.068333E+03 -5.929558E-02 1.674477E-04
1.071667E+03 -5.855689E-02 1.645936E-04
1.075000E+03 -5.700669E-02 1.605909E-04
1.078333E+03 -5.588543E-02 1.571855E-04
1.081667E+03 -5.537732E-02 1.548282E-04
1.085000E+03 -5.392119E-02 1.511282E-04
1.088333E+03 -5.290762E-02 1.480494E-04
1.091667E+03 -5.208409E-02 1.453681E-04
1.095000E+03 -5.100653E-02 1.422800E-04
1.098333E+03 -5.020264E-02 1.396328E-04
1.101667E+03 -4.908431E-02 1.365387E-04
1.105000E+03 -4.822821E-02 1.339215E-04
1.108333E+03 -4.748537E-02 1.315362E-04
1.111667E+03 -4.637141E-02 1.284319E-04
1.115000E+03 -4.557498E-02 1.260955E-04
1.118333E+03 -4.500360E-02 1.240057E-04
1.121667E+03 -4.388645E-02 1.210692E-04
1.125000E+03 -4.325145E-02 1.189685E-04
1.128333E+03 -4.236475E-02 1.164965E-04
1.131667E+03 -4.162083E-02 1.142453E-04
1.135000E+03 -4.091433E-02 1.121138E-04
1.138333E+03 -4.002596E-02 1.096572E-04
1.141667E+03 -3.942819E-02 1.077441E-04
1.145000E+03 -3.880013E-02 1.058433E-04
1.148333E+03 -3.806768E-02 1.036377E-04
1.151667E+03 -3.726299E-02 1.015053E-04
1.155000E+03 -3.662010E-02 9.962168E-05
1.158333E+03 -3.606197E-02 9.779597E-05
1.161667E+03 -3.536444E-02 9.589876E-05
1.165000E+03 -3.467103E-02 9.393080E-05
1.168333E+03 -3.416958E-02 9.232428E-05
1.171667E+03 -3.349080E-02 9.044526E-05
1.175000E+03 -3.296586E-02 8.885897E-05
1.178333E+03 -3.236220E-02 8.710144E-05
1.181667E+03 -3.173569E-02 8.538862E-05
1.185000E+03 -3.127465E-02 8.393337E-05
1.188333E+03 -3.066177E-02 8.222323E-05
1.191667E+03 -3.011667E-02 8.069337E-05
1.195000E+03 -2.963790E-02 7.925568E-05
1.198333E+03 -2.910310E-02 7.772768E-05
1.201667E+03 -2.856430E-02 7.623590E-05
1.205000E+03 -2.814488E-02 7.492971E-05
1.208333E+03 -2.762092E-02 7.348003E-05
1.211667E+03 -2.707999E-02 7.200722E-05
1.215000E+03 -2.666700E-02 7.077119E-05
1.218333E+03 -2.625338E-02 6.951341E-05
1.221667E+03 -2.576343E-02 6.821774E-05
1.225000E+03 -2.530109E-02 6.689055E-05
1.228333E+03 -2.490365E-02 6.573269E-05
1.231667E+03 -2.444096E-02 6.445618E-05
1.235000E+03 -2.408953E-02 6.340572E-05
1.238333E+03 -2.359574E-02 6.210362E-05
1.241667E+03 -2.328395E-02 6.110002E-05
1.245000E+03 -2.283493E-02 5.991614E-05
1.248333E+03 -2.246076E-02 5.884393E-05
1.251667E+03 -2.209125E-02 5.779528E-05
1.255000E+03 -2.169959E-02 5.672365E-05
1.258333E+03 -2.135934E-02 5.573293E-05
1.261667E+03 -2.098204E-02 5.470359E-05
1.265000E+03 -2.066302E-02 5.377272E-05
1.268333E+03 -2.027568E-02 5.273845E-05
1.271667E+03 -1.996508E-02 5.184344E-05
1.275000E+03 -1.965606E-02 5.096670E-05
1.278333E+03 -1.930735E-02 4.999752E-05
1.281667E+03 -1.897080E-02 4.911986E-05
1.285000E+03 -1.866872E-02 4.821067E-05
1.288333E+03 -1.835255E-02 4.739040E-05
1.291667E+03 -1.807503E-02 4.658672E-05
1.295000E+03 -1.777188E-02 4.572972E-05
1.298333E+03 -1.748498E-02 4.495861E-05
1.301667E+03 -1.719408E-02 4.415313E-05
1.305000E+03 -1.688322E-02 4.333453E-05
1.308333E+03 -1.661755E-02 4.259043E-05
1.311667E+03 -1.636996E-02 4.187979E-05
1.315000E+03 -1.611257E-02 4.116512E-05
1.318333E+03 -1.583883E-02 4.043532E-05
1.321667E+03 -1.556711E-02 3.969118E-05
1.325000E+03 -1.531582E-02 3.902505E-05
1.328333E+03 -1.511293E-02 3.841197E-05
1.331667E+03 -1.481132E-02 3.766091E-05
1.335000E+03 -1.460617E-02 3.705713E-05
1.338333E+03 -1.437151E-02 3.641719E-05
1.341667E+03 -1.413333E-02 3.578277E-05
1.345000E+03 -1.389961E-02 3.517048E-05
1.348333E+03 -1.367120E-02 3.453498E-05
1.351667E+03 -1.348848E-02 3.401113E-05
1.355000E+03 -1.325950E-02 3.341406E-05
1.358333E+03 -1.305843E-02 3.284880E-05
1.361667E+03 -1.280899E-02 3.223765E-05
1.365000E+03 -1.263497E-02 3.172314E-05
1.368333E+03 -1.247547E-02 3.125957E-05
1.371667E+03 -1.224085E-02 3.066278E-05
1.375000E+03 -1.203523E-02 3.013186E-05
1.378333E+03 -1.186483E-02 2.965455E-05
1.381667E+03 -1.167358E-02 2.914831E-05
1.385000E+03 -1.148611E-02 2.864922E-05
1.388333E+03 -1.133239E-02 2.821381E-05
1.391667E+03 -1.115658E-02 2.773805E-05
1.395000E+03 -1.094271E-02 2.722021E-05
1.398333E+03 -1.078945E-02 2.678372E-05
1.401667E+03 -1.062480E-02 2.635236E-05
1.405000E+03 -1.046188E-02 2.591474E-05
1.408333E+03 -1.031540E-02 2.550877E-05
1.411667E+03 -1.013272E-02 2.504760E-05
1.415000E+03 -9.986026E-03 2.465453E-05
1.418333E+03 -9.820839E-03 2.422964E-05
1.421667E+03 -9.682951E-03 2.384888E-05
1.425000E+03 -9.536418E-03 2.345704E-05
1.428333E+03 -9.384844E-03 2.306506E-05
1.431667E+03 -9.262221E-03 2.271844E-05
1.435000E+03 -9.099151E-03 2.231956E-05
1.438333E+03 -8.939195E-03 2.192050E-05
1.441667E+03 -8.845162E-03 2.163118E-05
1.445000E+03 -8.695021E-03 2.125464E-05
1.448333E+03 -8.556688E-03 2.089420E-05
1.451667E+03 -8.451273E-03 2.059221E-05
1.455000E+03 -8.307170E-03 2.023801E-05
1.458333E+03 -8.167630E-03 1.989320E-05
1.461667E+03 -8.057443E-03 1.958494E-05
1.465000E+03 -7.939415E-03 1.927698E-05
1.468333E+03 -7.819307E-03 1.897217E-05
1.471667E+03 -7.711239E-03 1.867244E-05
1.475000E+03 -7.582509E-03 1.835616E-05
1.478333E+03 -7.462039E-03 1.805272E-05
1.481667E+03 -7.361344E-03 1.778167E-05
1.485000E+03 -7.248381E-03 1.749308E-05
1.488333E+03 -7.157637E-03 1.723571E-05
1.491667E+03 -7.031550E-03 1.693698E-05
1.495000E+03 -6.941756E-03 1.668765E-05
1.498333E+03 -6.835327E-03 1.642273E-05
1.501667E+03 -6.730865E-03 1.615710E-05
1.505000E+03 -6.626542E-03 1.588979E-05
1.508333E+03 -6.532495E-03 1.564713E-05
1.511667E+03 -6.446050E-03 1.541443E-05
1.515000E+03 -6.344624E-03 1.516283E-05
1.518333E+03 -6.244214E-03 1.491375E-05
1.521667E+03 -6.164739E-03 1.470148E-05
1.525000E+03 -6.071599E-03 1.446876E-05
1.528333E+03 -5.981451E-03 1.423301E-05
1.531667E+03 -5.883047E-03 1.400041E-05
1.535000E+03 -5.818267E-03 1.381168E-05
1.538333E+03 -5.721616E-03 1.358361E-05
1.541667E+03 -5.645046E-03 1.336976E-05
1.545000E+03 -5.568917E-03 1.318146E-05
1.548333E+03 -5.471782E-03 1.295052E-05
1.551667E+03 -5.402649E-03 1.276690E-05
1.555000E+03 -5.323034E-03 1.256818E-05
1.558333E+03 -5.247159E-03 1.237207E-05
1.561667E+03 -5.171243E-03 1.218470E-05
1.565000E+03 -5.100708E-03 1.200475E-05
1.568333E+03 -5.024216E-03 1.180851E-05
1.571667E+03 -4.953271E-03 1.163406E-05
1.575000E+03 -4.888746E-03 1.146416E-05
1.578333E+03 -4.804823E-03 1.127126E-05
1.581667E+03 -4.734845E-03 1.109676E-05
1.585000E+03 -4.687957E-03 1.095751E-05
1.588333E+03 -4.604972E-03 1.076621E-05
1.591667E+03 -4.541841E-03 1.060801E-05
1.595000E+03 -4.485319E-03 1.045598E-05
1.598333E+03 -4.421815E-03 1.030017E-05
1.601667E+03 -4.355201E-03 1.013545E-05
1.605000E+03 -4.290546E-03 9.982702E-06
1.608333E+03 -4.226664E-03 9.826963E-06
1.611667E+03 -4.182332E-03 9.699509E-06
1.615000E+03 -4.113307E-03 9.539351E-06
1.618333E+03 -4.054867E-03 9.395646E-06
1.621667E+03 -4.001216E-03 9.258973E-06
1.625000E+03 -3.953368E-03 9.132572E-06
1.628333E+03 -3.892886E-03 8.989646E-06
1.631667E+03 -3.830784E-03 8.844954E-06
1.635000E+03 -3.782292E-03 8.717540E-06
1.638333E+03 -3.730807E-03 8.592418E-06
1.641667E+03 -3.680797E-03 8.464881E-06
1.645000E+03 -3.624429E-03 8.335001E-06
1.648333E+03 -3.578084E-03 8.215197E-06
1.651667E+03 -3.533929E-03 8.102468E-06
1.655000E+03 -3.475430E-03 7.970388E-06
1.658333E+03 -3.426127E-03 7.848574E-06
1.661667E+03 -3.390512E-03 7.752620E-06
1.665000E+03 -3.335408E-03 7.625272E-06
1.668333E+03 -3.296643E-03 7.524134E-06
1.671667E+03 -3.248821E-03 7.407512E-06
1.675000E+03 -3.206679E-03 7.303455E-06
1.678333E+03 -3.157569E-03 7.190883E-06
1.681667E+03 -3.109162E-03 7.078590E-06
1.685000E+03 -3.079399E-03 6.992476E-06
1.688333E+03 -3.024038E-03 6.873272E-06
1.691667E+03 -2.993457E-03 6.787244E-06
1.695000E+03 -2.944116E-03 6.677326E-06
1.698333E+03 -2.916845E-03 6.598239E-06
1.701667E+03 -2.866778E-03 6.487348E-06
1.705000E+03 -2.839871E-03 6.409500E-06
1.708333E+03 -2.788993E-03 6.301578E-06
1.711667E+03 -2.753966E-03 6.214507E-06
1.715000E+03 -2.720447E-03 6.129067E-06
1.718333E+03 -2.684211E-03 6.042024E-06
1.721667E+03 -2.644680E-03 5.949514E-06
1.725000E+03 -2.610202E-03 5.867706E-06
1.728333E+03 -2.577679E-03 5.786664E-06
1.731667E+03 -2.539357E-03 5.697729E-06
1.735000E+03 -2.508531E-03 5.622932E-06
1.738333E+03 -2.475912E-03 5.541211E-06
1.741667E+03 -2.441616E-03 5.462129E-06
1.745000E+03 -2.406170E-03 5.382558E-06
1.748333E+03 -2.378153E-03 5.307009E-06
1.751667E+03 -2.346822E-03 5.235268E-06
1.755000E+03 -2.310289E-03 5.153119E-06
1.758333E+03 -2.285768E-03 5.087318E-06
1.761667E+03 -2.251644E-03 5.013399E-06
1.765000E+03 -2.226028E-03 4.945803E-06
1.768333E+03 -2.191701E-03 4.870033E-06
1.771667E+03 -2.166216E-03 4.806420E-06
1.775000E+03 -2.140353E-03 4.741948E-06
1.778333E+03 -2.107086E-03 4.669425E-06
1.781667E+03 -2.081597E-03 4.606166E-06
1.785000E+03 -2.051414E-03 4.538526E-06
1.788333E+03 -2.023921E-03 4.474426E-06
1.791667E+03 -2.007430E-03 4.425137E-06
1.795000E+03 -1.970608E-03 4.350263E-06
1.798333E+03 -1.949574E-03 4.295778E-06
1.801667E+03 -1.923761E-03 4.234136E-06
1.805000E+03 -1.899712E-03 4.176703E-06
1.808333E+03 -1.873125E-03 4.118168E-06
1.811667E+03 -1.848078E-03 4.058700E-06
1.815000E+03 -1.826271E-03 4.005514E-06
1.818333E+03 -1.803870E-03 3.952821E-06
1.821667E+03 -1.776706E-03 3.892071E-06
1.825000E+03 -1.756993E-03 3.842217E-06
1.828333E+03 -1.732196E-03 3.788854E-06
1.831667E+03 -1.711108E-03 3.737846E-06
1.835000E+03 -1.688201E-03 3.684433E-06
1.838333E+03 -1.665550E-03 3.632820E-06
1.841667E+03 -1.647925E-03 3.588300E-06
1.845000E+03 -1.624026E-03 3.536004E-06
1.848333E+03 -1.602256E-03 3.486067E-06
1.851667E+03 -1.583374E-03 3.440727E-06
1.855000E+03 -1.563463E-03 3.394597E-06
1.858333E+03 -1.539210E-03 3.341890E-06
1.861667E+03 -1.526876E-03 3.306507E-06
1.865000E+03 -1.503159E-03 3.256427E-06
1.868333E+03 -1.486344E-03 3.214775E-06
1.871667E+03 -1.465389E-03 3.168855E-06
1.875000E+03 -1.447547E-03 3.126887E-06
1.878333E+03 -1.427349E-03 3.082218E-06
1.881667E+03 -1.412249E-03 3.044393E-06
1.885000E+03 -1.392534E-03 3.001218E-06
1.888333E+03 -1.376173E-03 2.962369E-06
1.891667E+03 -1.357123E-03 2.920432E-06
1.895000E+03 -1.343075E-03 2.885634E-06
1.898333E+03 -1.321354E-03 2.839645E-06
1.901667E+03 -1.307559E-03 2.805421E-06
1.905000E+03 -1.291113E-03 2.768170E-06
1.908333E+03 -1.276700E-03 2.734391E-06
1.911667E+03 -1.259252E-03 2.695154E-06
1.915000E+03 -1.242616E-03 2.658030E-06
1.918333E+03 -1.226434E-03 2.622447E-06
1.921667E+03 -1.214458E-03 2.590725E-06
1.925000E+03 -1.196980E-03 2.553619E-06
1.928333E+03 -1.182537E-03 2.520628E-06
1.931667E+03 -1.167262E-03 2.486619E-06
1.935000E+03 -1.151756E-03 2.453384E-06
1.938333E+03 -1.139695E-03 2.422012E-06
1.941667E+03 -1.125149E-03 2.390015E-06
1.945000E+03 -1.110958E-03 2.358987E-06
1.948333E+03 -1.097500E-03 2.327113E-06
1.951667E+03 -1.082948E-03 2.296600E-06
1.955000E+03 -1.069634E-03 2.265633E-06
1.958333E+03 -1.058846E-03 2.238574E-06
1.961667E+03 -1.044047E-03 2.207944E-06
1.965000E+03 -1.029242E-03 2.175781E-06
1.968333E+03 -1.018509E-03 2.149877E-06
1.971667E+03 -1.005281E-03 2.121377E-06
1.975000E+03 -9.943399E-04 2.095256E-06
1.978333E+03 -9.808953E-04 2.066045E-06
1.981667E+03 -9.691829E-04 2.039496E-06
1.985000E+03 -9.588089E-04 2.014996E-06
1.988333E+03 -9.451624E-04 1.986363E-06
1.991667E+03 -9.335949E-04 1.960310E-06
1.995000E+03 -9.223565E-04 1.935703E-06
1.998333E+03 -9.123622E-04 1.911345E-06