2.030000E+01 3.471633E+04 3.591895E+02
2.090000E+01 3.075473E+04 3.048667E+02
2.150000E+01 2.739074E+04 2.730333E+02
2.210000E+01 2.443767E+04 2.413136E+02
2.270000E+01 2.245721E+04 2.207802E+02
2.330000E+01 2.001472E+04 1.903344E+02
2.390000E+01 1.859274E+04 1.828574E+02
2.450000E+01 1.650881E+04 1.565861E+02
2.510000E+01 1.516879E+04 1.452156E+02
2.570000E+01 1.384435E+04 1.312408E+02
2.630000E+01 1.250691E+04 1.172055E+02
2.690000E+01 1.164382E+04 1.124771E+02
2.750000E+01 1.039840E+04 9.606530E+01
2.810000E+01 9.657843E+03 8.848629E+01
2.870000E+01 8.873960E+03 8.099889E+01
2.930000E+01 8.210863E+03 7.476452E+01
2.990000E+01 7.545382E+03 6.692229E+01
3.050000E+01 7.053000E+03 6.441874E+01
3.110000E+01 6.492593E+03 5.846272E+01
3.170000E+01 6.008632E+03 5.223646E+01
3.230000E+01 5.604558E+03 4.984063E+01
3.290000E+01 5.185509E+03 4.545950E+01
3.350000E+01 4.871638E+03 4.264645E+01
3.410000E+01 4.510590E+03 3.972846E+01
3.470000E+01 4.226716E+03 3.653526E+01
3.530000E+01 3.865923E+03 3.271834E+01
3.590000E+01 3.659920E+03 3.170838E+01
3.650000E+01 3.390082E+03 2.893811E+01
3.710000E+01 3.224068E+03 2.776175E+01
3.770000E+01 3.022231E+03 2.582822E+01
3.830000E+01 2.812805E+03 2.393418E+01
3.890000E+01 2.699440E+03 2.307501E+01
3.950000E+01 2.516029E+03 2.185075E+01
4.010000E+01 2.352925E+03 2.021298E+01
4.070000E+01 2.212990E+03 1.836146E+01
4.130000E+01 2.129418E+03 1.867394E+01
4.190000E+01 1.981674E+03 1.693304E+01
4.250000E+01 1.905975E+03 1.633842E+01
4.310000E+01 1.784198E+03 1.536924E+01
4.370000E+01 1.713572E+03 1.498678E+01
4.430000E+01 1.580617E+03 1.400846E+01
4.490000E+01 1.506359E+03 1.401646E+01
4.550000E+01 1.440557E+03 1.404346E+01
4.610000E+01 1.376828E+03 1.401310E+01
4.670000E+01 1.265978E+03 1.302377E+01
4.730000E+01 1.232140E+03 1.252801E+01
4.790000E+01 1.186666E+03 1.196249E+01
4.850000E+01 1.106007E+03 1.129608E+01
4.910000E+01 1.056761E+03 1.090388E+01
4.970000E+01 1.028082E+03 1.065826E+01
5.030000E+01 9.615709E+02 1.039054E+01
5.090000E+01 9.067381E+02 9.931064E+00
5.150000E+01 8.858954E+02 9.783076E+00
5.210000E+01 8.453872E+02 9.276440E+00
5.270000E+01 8.053157E+02 8.934919E+00
5.330000E+01 7.692784E+02 8.447877E+00
5.390000E+01 7.267228E+02 8.113713E+00
5.450000E+01 6.998056E+02 7.726106E+00
5.510000E+01 6.741046E+02 7.687628E+00
5.570000E+01 6.536878E+02 7.436665E+00
5.630000E+01 6.190268E+02 7.397947E+00
5.690000E+01 5.899989E+02 7.455310E+00
5.750000E+01 5.682366E+02 7.160898E+00
5.810000E+01 5.474322E+02 6.954751E+00
5.870000E+01 5.160544E+02 6.553809E+00
5.930000E+01 5.068352E+02 6.350266E+00
5.990000E+01 4.776496E+02 5.981115E+00
6.050000E+01 4.535767E+02 5.697506E+00
6.110000E+01 4.406714E+02 5.481551E+00
6.170000E+01 4.417389E+02 5.375031E+00
6.230000E+01 4.070957E+02 5.048767E+00
6.290000E+01 4.021194E+02 5.064831E+00
6.350000E+01 3.826506E+02 5.358321E+00
6.410000E+01 3.628877E+02 5.189855E+00
6.470000E+01 3.536260E+02 5.031547E+00
6.530000E+01 3.333993E+02 4.757168E+00
6.590000E+01 3.238163E+02 4.563219E+00
6.650000E+01 3.213540E+02 4.474386E+00
6.710000E+01 3.107685E+02 4.321394E+00
6.770000E+01 2.975697E+02 4.105849E+00
6.830000E+01 2.817272E+02 4.682393E+00
6.890000E+01 2.808996E+02 4.606656E+00
6.950000E+01 2.671809E+02 4.445818E+00
7.010000E+01 2.549494E+02 4.189876E+00
7.070000E+01 2.476566E+02 4.051555E+00
7.130000E+01 2.451759E+02 4.018642E+00
7.190000E+01 2.346541E+02 3.822978E+00
7.250000E+01 2.284655E+02 3.723060E+00
7.310000E+01 2.167238E+02 3.525396E+00
7.370000E+01 2.068021E+02 3.391848E+00
7.430000E+01 2.109947E+02 3.508181E+00
7.490000E+01 2.044941E+02 3.373366E+00
7.550000E+01 1.924701E+02 3.193912E+00
7.610000E+01 1.836800E+02 3.048372E+00
7.670000E+01 1.808844E+02 3.000204E+00
7.730000E+01 1.787409E+02 2.953663E+00
7.790000E+01 1.682577E+02 2.748670E+00
7.850000E+01 1.602255E+02 2.636031E+00
7.910000E+01 1.560959E+02 2.752499E+00
7.970000E+01 1.535487E+02 2.894559E+00
8.030000E+01 1.493364E+02 2.781855E+00
8.090000E+01 1.452287E+02 2.708228E+00
8.150000E+01 1.396751E+02 2.600384E+00
8.210000E+01 1.326925E+02 2.452339E+00
8.270000E+01 1.304452E+02 2.403962E+00
8.330000E+01 1.303231E+02 2.376321E+00
8.390000E+01 1.226601E+02 2.266124E+00
8.450000E+01 1.234543E+02 2.236913E+00
8.510000E+01 1.183127E+02 2.153646E+00
8.570000E+01 1.122426E+02 2.061540E+00
8.630000E+01 1.115200E+02 2.015032E+00
8.690000E+01 1.074455E+02 1.956112E+00
8.750000E+01 1.093420E+02 1.953240E+00
8.810000E+01 1.042831E+02 1.902442E+00
8.870000E+01 1.007846E+02 1.888568E+00
8.930000E+01 9.544045E+01 1.779597E+00
8.990000E+01 9.345350E+01 1.748848E+00
9.050000E+01 9.140469E+01 1.720667E+00
9.110000E+01 8.795850E+01 1.660357E+00
9.170000E+01 9.018775E+01 1.656836E+00
9.230000E+01 8.655691E+01 1.578843E+00
9.290000E+01 8.541428E+01 1.547808E+00
9.350000E+01 8.223970E+01 1.503701E+00
9.410000E+01 7.995427E+01 1.458527E+00
9.470000E+01 7.905781E+01 1.430540E+00
9.530000E+01 7.647855E+01 1.385423E+00
9.590000E+01 7.083642E+01 1.301060E+00
9.650000E+01 7.212145E+01 1.315485E+00
9.710000E+01 7.039272E+01 1.607360E+00
9.770000E+01 6.550393E+01 1.852389E+00
9.830000E+01 6.713643E+01 1.937028E+00
9.890000E+01 6.272880E+01 1.735383E+00
9.950000E+01 6.239572E+01 1.700483E+00
1.001000E+02 6.261835E+01 1.745757E+00
1.007000E+02 6.154174E+01 1.680930E+00
1.013000E+02 5.772511E+01 1.542627E+00
1.019000E+02 5.593836E+01 1.454130E+00
1.025000E+02 5.659787E+01 1.596854E+00
1.031000E+02 5.440992E+01 1.464261E+00
1.037000E+02 5.328169E+01 1.447357E+00
1.043000E+02 5.306127E+01 1.450593E+00
1.049000E+02 4.962799E+01 1.312179E+00
1.055000E+02 4.999395E+01 1.310890E+00
1.061000E+02 4.986423E+01 1.321823E+00
1.067000E+02 4.737049E+01 1.296210E+00
1.073000E+02 4.777464E+01 1.304762E+00
1.079000E+02 4.390444E+01 1.229388E+00
1.085000E+02 4.635594E+01 1.325981E+00
1.091000E+02 4.513911E+01 1.235168E+00
1.097000E+02 4.168576E+01 1.161286E+00
1.103000E+02 4.100413E+01 1.125036E+00
1.109000E+02 4.209031E+01 1.146618E+00
1.115000E+02 4.004908E+01 1.269215E+00
1.121000E+02 3.870527E+01 1.285360E+00
1.127000E+02 3.813680E+01 1.247645E+00
1.133000E+02 3.666221E+01 1.205846E+00
1.139000E+02 3.649181E+01 1.181273E+00
1.145000E+02 3.610663E+01 1.178269E+00
1.151000E+02 3.515131E+01 1.136218E+00
1.157000E+02 3.438226E+01 1.133642E+00
1.163000E+02 3.292182E+01 1.065172E+00
1.169000E+02 3.242928E+01 1.040369E+00
1.175000E+02 3.342027E+01 1.091302E+00
1.181000E+02 3.128717E+01 1.002547E+00
1.187000E+02 3.102595E+01 9.794227E-01
1.193000E+02 3.052612E+01 9.630625E-01
1.199000E+02 2.863981E+01 9.090749E-01
1.205000E+02 2.812720E+01 8.941089E-01
1.211000E+02 2.920505E+01 9.135291E-01
1.217000E+02 2.759056E+01 8.522625E-01
1.223000E+02 2.815134E+01 9.023675E-01
1.229000E+02 2.611732E+01 8.368057E-01
1.235000E+02 2.797051E+01 8.851814E-01
1.241000E+02 2.551999E+01 7.795013E-01
1.247000E+02 2.544701E+01 8.004818E-01
1.253000E+02 2.450921E+01 7.904987E-01
1.259000E+02 2.235775E+01 6.917557E-01
1.265000E+02 2.240423E+01 6.990530E-01
1.271000E+02 2.349842E+01 7.293364E-01
1.277000E+02 2.336433E+01 7.233928E-01
1.283000E+02 2.352176E+01 7.231253E-01
1.289000E+02 2.231883E+01 6.839411E-01
1.295000E+02 2.094846E+01 6.440752E-01
1.301000E+02 2.133224E+01 6.569210E-01
1.307000E+02 2.006101E+01 6.176307E-01
1.313000E+02 2.015398E+01 6.137608E-01
1.319000E+02 2.083288E+01 6.409164E-01
1.325000E+02 2.005153E+01 6.109453E-01
1.331000E+02 1.944248E+01 6.054840E-01
1.337000E+02 1.812142E+01 5.589715E-01
1.343000E+02 1.906670E+01 5.945434E-01
1.349000E+02 1.918441E+01 5.852143E-01
1.355000E+02 1.761370E+01 5.301442E-01
1.361000E+02 1.791848E+01 5.575210E-01
1.367000E+02 1.671476E+01 5.118124E-01
1.373000E+02 1.766090E+01 5.403226E-01
1.379000E+02 1.704785E+01 5.251287E-01
1.385000E+02 1.668889E+01 5.049407E-01
1.391000E+02 1.640512E+01 4.999876E-01
1.397000E+02 1.603595E+01 4.865108E-01
1.403000E+02 1.629682E+01 5.003587E-01
1.409000E+02 1.582147E+01 4.804714E-01
1.415000E+02 1.520653E+01 4.603431E-01
1.421000E+02 1.537310E+01 4.570159E-01
1.427000E+02 1.517844E+01 4.560434E-01
1.433000E+02 1.525181E+01 4.617748E-01
1.439000E+02 1.386739E+01 4.279754E-01
1.445000E+02 1.312423E+01 3.873728E-01
1.451000E+02 1.428539E+01 4.218808E-01
1.457000E+02 1.341440E+01 3.950222E-01
1.463000E+02 1.305027E+01 3.877936E-01
1.469000E+02 1.310712E+01 3.914297E-01
1.475000E+02 1.317447E+01 3.897339E-01
1.481000E+02 1.261483E+01 3.744419E-01
1.487000E+02 1.230962E+01 3.625892E-01
1.493000E+02 1.247193E+01 3.649882E-01
1.499000E+02 1.264282E+01 3.718755E-01
1.505000E+02 1.112400E+01 3.332070E-01
1.511000E+02 1.171497E+01 3.377378E-01
1.517000E+02 1.173587E+01 3.481285E-01
1.523000E+02 1.132999E+01 3.225562E-01
1.529000E+02 1.115063E+01 3.276827E-01
1.535000E+02 1.126632E+01 3.309131E-01
1.541000E+02 1.101389E+01 3.183129E-01
1.547000E+02 1.095224E+01 3.157321E-01
1.553000E+02 1.032234E+01 3.026649E-01
1.559000E+02 1.011564E+01 2.977826E-01
1.565000E+02 1.033433E+01 2.986858E-01
1.571000E+02 9.629140E+00 2.802321E-01
1.577000E+02 1.035186E+01 2.973855E-01
1.583000E+02 9.680416E+00 2.801660E-01
1.589000E+02 9.520910E+00 2.745793E-01
1.595000E+02 9.105654E+00 2.634572E-01
1.601000E+02 9.147645E+00 2.581514E-01
1.607000E+02 9.212334E+00 2.702251E-01
1.613000E+02 8.762027E+00 2.495745E-01
1.619000E+02 8.847968E+00 2.506236E-01
1.625000E+02 9.223273E+00 2.613718E-01
1.631000E+02 8.562337E+00 2.463753E-01
1.637000E+02 8.239101E+00 2.414396E-01
1.643000E+02 8.405415E+00 2.422539E-01
1.649000E+02 8.283773E+00 2.392117E-01
1.655000E+02 8.307090E+00 2.402449E-01
1.661000E+02 7.456246E+00 2.211005E-01
1.667000E+02 7.931294E+00 2.286571E-01
1.673000E+02 7.260314E+00 2.093409E-01
1.679000E+02 7.711570E+00 2.197645E-01
1.685000E+02 7.638869E+00 2.197945E-01
1.691000E+02 7.572204E+00 2.171127E-01
1.697000E+02 7.397003E+00 2.101326E-01
1.703000E+02 7.116080E+00 2.053123E-01
1.709000E+02 7.401822E+00 2.098481E-01
1.715000E+02 6.821382E+00 1.964362E-01
1.721000E+02 7.336528E+00 2.050468E-01
1.727000E+02 6.978437E+00 1.977713E-01
1.733000E+02 6.899390E+00 1.950259E-01
1.739000E+02 6.709155E+00 1.899579E-01
1.745000E+02 6.264459E+00 1.784505E-01
1.751000E+02 6.480472E+00 1.811271E-01
1.757000E+02 6.856855E+00 1.942929E-01
1.763000E+02 5.637023E+00 1.599668E-01
1.769000E+02 6.182456E+00 1.740589E-01
1.775000E+02 6.278743E+00 1.737974E-01
1.781000E+02 5.973583E+00 1.690058E-01
1.787000E+02 5.947754E+00 1.643801E-01
1.793000E+02 5.980733E+00 1.654271E-01
1.799000E+02 5.662312E+00 1.580942E-01
1.805000E+02 5.619667E+00 1.583101E-01
1.811000E+02 5.745745E+00 1.606560E-01
1.817000E+02 5.424374E+00 1.520800E-01
1.823000E+02 5.172917E+00 1.430153E-01
1.829000E+02 5.582324E+00 1.527133E-01
1.835000E+02 5.347438E+00 1.489234E-01
1.841000E+02 5.133533E+00 1.400979E-01
1.847000E+02 4.953183E+00 1.405250E-01
1.853000E+02 5.101114E+00 1.408304E-01
1.859000E+02 4.849317E+00 1.345479E-01
1.865000E+02 5.285692E+00 1.453603E-01
1.871000E+02 4.886780E+00 1.327298E-01
1.877000E+02 4.657057E+00 1.281808E-01
1.883000E+02 4.529001E+00 1.270504E-01
1.889000E+02 4.627108E+00 1.265312E-01
1.895000E+02 4.691949E+00 1.269522E-01
1.901000E+02 4.589903E+00 1.260011E-01
1.907000E+02 4.651817E+00 1.246729E-01
1.913000E+02 4.444523E+00 1.202901E-01
1.919000E+02 4.453614E+00 1.219515E-01
1.925000E+02 4.275228E+00 1.161028E-01
1.931000E+02 4.332907E+00 1.196450E-01
1.937000E+02 4.262551E+00 1.142005E-01
1.943000E+02 4.346532E+00 1.170613E-01
1.949000E+02 4.085397E+00 1.104300E-01
1.955000E+02 4.065356E+00 1.090596E-01
1.961000E+02 4.105938E+00 1.091367E-01
1.967000E+02 3.943801E+00 1.086544E-01
1.973000E+02 3.982415E+00 1.068841E-01
1.979000E+02 3.605988E+00 9.631478E-02
1.985000E+02 3.909640E+00 1.052065E-01
1.991000E+02 3.977779E+00 1.063438E-01
1.997000E+02 3.587143E+00 9.704778E-02
2.005000E+02 3.669105E+00 2.598900E-02
2.015000E+02 3.624400E+00 2.603184E-02
2.025000E+02 3.552300E+00 2.522609E-02
2.035000E+02 3.454859E+00 2.446168E-02
2.045000E+02 3.402912E+00 2.422322E-02
2.055000E+02 3.335066E+00 2.361318E-02
2.065000E+02 3.295220E+00 2.323085E-02
2.075000E+02 3.210168E+00 2.290221E-02
2.085000E+02 3.110908E+00 2.191440E-02
2.095000E+02 3.121854E+00 2.211693E-02
2.105000E+02 3.025919E+00 2.164087E-02
2.115000E+02 2.936223E+00 2.083190E-02
2.125000E+02 2.905724E+00 2.085588E-02
2.135000E+02 2.882009E+00 2.062431E-02
2.145000E+02 2.795613E+00 1.987247E-02
2.155000E+02 2.745182E+00 1.955892E-02
2.165000E+02 2.688777E+00 1.901018E-02
2.175000E+02 2.622415E+00 1.881285E-02
2.185000E+02 2.579269E+00 1.820495E-02
2.195000E+02 2.538499E+00 1.803714E-02
2.205000E+02 2.499829E+00 1.799496E-02
2.215000E+02 2.445389E+00 1.758796E-02
2.225000E+02 2.436900E+00 1.801707E-02
2.235000E+02 2.353026E+00 1.714570E-02
2.245000E+02 2.300452E+00 1.650792E-02
2.255000E+02 2.263568E+00 1.653293E-02
2.265000E+02 2.256041E+00 1.643034E-02
2.275000E+02 2.184483E+00 1.580862E-02
2.285000E+02 2.159699E+00 1.533135E-02
2.295000E+02 2.130421E+00 1.574364E-02
2.305000E+02 2.075993E+00 1.529261E-02
2.315000E+02 2.054941E+00 1.525177E-02
2.325000E+02 1.996905E+00 1.471344E-02
2.335000E+02 1.974053E+00 1.464408E-02
2.345000E+02 1.945805E+00 1.424157E-02
2.355000E+02 1.892302E+00 1.403740E-02
2.365000E+02 1.865119E+00 1.371168E-02
2.375000E+02 1.836580E+00 1.365113E-02
2.385000E+02 1.817836E+00 1.370053E-02
2.395000E+02 1.781545E+00 1.343732E-02
2.405000E+02 1.733033E+00 1.299500E-02
2.415000E+02 1.720474E+00 1.297046E-02
2.425000E+02 1.704904E+00 1.299566E-02
2.435000E+02 1.653883E+00 1.235334E-02
2.445000E+02 1.625610E+00 1.215002E-02
2.455000E+02 1.603246E+00 1.202949E-02
2.465000E+02 1.575855E+00 1.218355E-02
2.475000E+02 1.559905E+00 1.200012E-02
2.485000E+02 1.527535E+00 1.170176E-02
2.495000E+02 1.495637E+00 1.146781E-02
2.505000E+02 1.476104E+00 1.135397E-02
2.515000E+02 1.455403E+00 1.120891E-02
2.525000E+02 1.434097E+00 1.102593E-02
2.535000E+02 1.404635E+00 1.099165E-02
2.545000E+02 1.369481E+00 1.062681E-02
2.555000E+02 1.381011E+00 1.083796E-02
2.565000E+02 1.334298E+00 1.044222E-02
2.575000E+02 1.300879E+00 1.021721E-02
2.585000E+02 1.297902E+00 1.015460E-02
2.595000E+02 1.274835E+00 1.007360E-02
2.605000E+02 1.248637E+00 9.827872E-03
2.615000E+02 1.234867E+00 9.809841E-03
2.625000E+02 1.227471E+00 9.694887E-03
2.635000E+02 1.199023E+00 9.525098E-03
2.645000E+02 1.178852E+00 9.553172E-03
2.655000E+02 1.169284E+00 9.428980E-03
2.665000E+02 1.143230E+00 9.203072E-03
2.675000E+02 1.123857E+00 9.104410E-03
2.685000E+02 1.115131E+00 9.053354E-03
2.695000E+02 1.088065E+00 8.859829E-03
2.705000E+02 1.066867E+00 8.704605E-03
2.715000E+02 1.061670E+00 8.648719E-03
2.725000E+02 1.044854E+00 8.506076E-03
2.735000E+02 1.027766E+00 8.437046E-03
2.745000E+02 1.013081E+00 8.394119E-03
2.755000E+02 9.930254E-01 8.221507E-03
2.765000E+02 9.843633E-01 8.158992E-03
2.775000E+02 9.565695E-01 7.990382E-03
2.785000E+02 9.572271E-01 7.948872E-03
2.795000E+02 9.408448E-01 7.922355E-03
2.805000E+02 9.251942E-01 7.818466E-03
2.815000E+02 9.058012E-01 7.621002E-03
2.825000E+02 8.957955E-01 7.646224E-03
2.835000E+02 8.874265E-01 7.518527E-03
2.845000E+02 8.683284E-01 7.402517E-03
2.855000E+02 8.637788E-01 7.391177E-03
2.865000E+02 8.395999E-01 7.207148E-03
2.875000E+02 8.406025E-01 7.241182E-03
2.885000E+02 8.204213E-01 7.076796E-03
2.895000E+02 8.038479E-01 6.944201E-03
2.905000E+02 8.077876E-01 7.018017E-03
2.915000E+02 7.871515E-01 6.881692E-03
2.925000E+02 7.891094E-01 6.807684E-03
2.935000E+02 7.612028E-01 6.695125E-03
2.945000E+02 7.511286E-01 6.651801E-03
2.955000E+02 7.397273E-01 6.578513E-03
2.965000E+02 7.351851E-01 6.511592E-03
2.975000E+02 7.206534E-01 6.361334E-03
2.985000E+02 7.159512E-01 6.375290E-03
2.995000E+02 6.994990E-01 6.305121E-03
3.005000E+02 7.041092E-01 6.282922E-03
3.015000E+02 6.778851E-01 6.125185E-03
3.025000E+02 6.820938E-01 6.124392E-03
3.035000E+02 6.658843E-01 6.034316E-03
3.045000E+02 6.582700E-01 5.967125E-03
3.055000E+02 6.537425E-01 5.968038E-03
3.065000E+02 6.403446E-01 5.867706E-03
3.075000E+02 6.326355E-01 5.821274E-03
3.085000E+02 6.194295E-01 5.738457E-03
3.095000E+02 6.116158E-01 5.650228E-03
3.105000E+02 6.149457E-01 5.669710E-03
3.115000E+02 6.036270E-01 5.556299E-03
3.125000E+02 5.926468E-01 5.500928E-03
3.135000E+02 5.726374E-01 5.442124E-03
3.145000E+02 5.711988E-01 5.397495E-03
3.155000E+02 5.650748E-01 5.347815E-03
3.165000E+02 5.591068E-01 5.311778E-03
3.175000E+02 5.521496E-01 5.264869E-03
3.185000E+02 5.442560E-01 5.167630E-03
3.195000E+02 5.427162E-01 5.120964E-03
3.205000E+02 5.286719E-01 5.097233E-03
3.215000E+02 5.268711E-01 5.090113E-03
3.225000E+02 5.172131E-01 4.983271E-03
3.235000E+02 5.116248E-01 4.954791E-03
3.245000E+02 5.043257E-01 4.938565E-03
3.255000E+02 4.905886E-01 4.851123E-03
3.265000E+02 4.954951E-01 4.836365E-03
3.275000E+02 4.880029E-01 4.738914E-03
3.285000E+02 4.774547E-01 4.684099E-03
3.295000E+02 4.731064E-01 4.705463E-03
3.305000E+02 4.690169E-01 4.652771E-03
3.315000E+02 4.584031E-01 4.580878E-03
3.325000E+02 4.502875E-01 4.536285E-03
3.335000E+02 4.511897E-01 4.556743E-03
3.345000E+02 4.466579E-01 4.501113E-03
3.355000E+02 4.385793E-01 4.422772E-03
3.365000E+02 4.339413E-01 4.355020E-03
3.375000E+02 4.331518E-01 4.329890E-03
3.385000E+02 4.144755E-01 4.263455E-03
3.395000E+02 4.229864E-01 4.335898E-03
3.405000E+02 4.123321E-01 4.257471E-03
3.415000E+02 4.048204E-01 4.201205E-03
3.425000E+02 4.062817E-01 4.160552E-03
3.435000E+02 3.953705E-01 4.146213E-03
3.445000E+02 3.908719E-01 4.091143E-03
3.455000E+02 3.853972E-01 4.043191E-03
3.465000E+02 3.859478E-01 4.003703E-03
3.475000E+02 3.832676E-01 3.973394E-03
3.485000E+02 3.709936E-01 3.952162E-03
3.495000E+02 3.741853E-01 3.971311E-03
3.505000E+02 3.640158E-01 3.925819E-03
3.515000E+02 3.589813E-01 3.856044E-03
3.525000E+02 3.561523E-01 3.810883E-03
3.535000E+02 3.576300E-01 3.808772E-03
3.545000E+02 3.462955E-01 3.709844E-03
3.555000E+02 3.461111E-01 3.759726E-03
3.565000E+02 3.412380E-01 3.724899E-03
3.575000E+02 3.376349E-01 3.675082E-03
3.585000E+02 3.311500E-01 3.623384E-03
3.595000E+02 3.318143E-01 3.637509E-03
3.605000E+02 3.204589E-01 3.543624E-03
3.615000E+02 3.190829E-01 3.517789E-03
3.625000E+02 3.197702E-01 3.557865E-03
3.635000E+02 3.105465E-01 3.486349E-03
3.645000E+02 3.098644E-01 3.460497E-03
3.655000E+02 3.078684E-01 3.439099E-03
3.665000E+02 3.018575E-01 3.385616E-03
3.675000E+02 3.035432E-01 3.361386E-03
3.685000E+02 2.886818E-01 3.266391E-03
3.695000E+02 2.944007E-01 3.366597E-03
3.705000E+02 2.895470E-01 3.308148E-03
3.715000E+02 2.863354E-01 3.289936E-03
3.725000E+02 2.859549E-01 3.274592E-03
3.735000E+02 2.817619E-01 3.232021E-03
3.745000E+02 2.716738E-01 3.164146E-03
3.755000E+02 2.725225E-01 3.141168E-03
3.765000E+02 2.697214E-01 3.154895E-03
3.775000E+02 2.656696E-01 3.130988E-03
3.785000E+02 2.682735E-01 3.125207E-03
3.795000E+02 2.612586E-01 3.066105E-03
3.805000E+02 2.548365E-01 3.001303E-03
3.815000E+02 2.589115E-01 3.010791E-03
3.825000E+02 2.556639E-01 2.967782E-03
3.835000E+02 2.453020E-01 2.899367E-03
3.845000E+02 2.560802E-01 2.998311E-03
3.855000E+02 2.446142E-01 2.961455E-03
3.865000E+02 2.411935E-01 2.956176E-03
3.875000E+02 2.399642E-01 2.923462E-03
3.885000E+02 2.380819E-01 2.888476E-03
3.895000E+02 2.315353E-01 2.832107E-03
3.905000E+02 2.306608E-01 2.806071E-03
3.915000E+02 2.320143E-01 2.800497E-03
3.925000E+02 2.265711E-01 2.753060E-03
3.935000E+02 2.227988E-01 2.785747E-03
3.945000E+02 2.253516E-01 2.777011E-03
3.955000E+02 2.208770E-01 2.740299E-03
3.965000E+02 2.174059E-01 2.696050E-03
3.975000E+02 2.141880E-01 2.657997E-03
3.985000E+02 2.141904E-01 2.648728E-03
3.995000E+02 2.078863E-01 2.625124E-03
4.005000E+02 2.115374E-01 2.631352E-03
4.015000E+02 2.040481E-01 2.570666E-03
4.025000E+02 2.046311E-01 2.551756E-03
4.035000E+02 1.992725E-01 2.507991E-03
4.045000E+02 1.974367E-01 2.506493E-03
4.055000E+02 2.002612E-01 2.578723E-03
4.065000E+02 1.967209E-01 2.535485E-03
4.075000E+02 1.934161E-01 2.504028E-03
4.085000E+02 1.921899E-01 2.486388E-03
4.095000E+02 1.952637E-01 2.488607E-03
4.105000E+02 1.880727E-01 2.425629E-03
4.115000E+02 1.834680E-01 2.377183E-03
4.125000E+02 1.856809E-01 2.438439E-03
4.135000E+02 1.805340E-01 2.405609E-03
4.145000E+02 1.783238E-01 2.374242E-03
4.155000E+02 1.777934E-01 2.396954E-03
4.165000E+02 1.771315E-01 2.374799E-03
4.175000E+02 1.728151E-01 2.332615E-03
4.185000E+02 1.752680E-01 2.340566E-03
4.195000E+02 1.733674E-01 2.306407E-03
4.205000E+02 1.724479E-01 2.291383E-03
4.215000E+02 1.675619E-01 2.242172E-03
4.225000E+02 1.682362E-01 2.232753E-03
4.235000E+02 1.668557E-01 2.225339E-03
4.245000E+02 1.610277E-01 2.164653E-03
4.255000E+02 1.584501E-01 2.127018E-03
4.265000E+02 1.585108E-01 2.115196E-03
4.275000E+02 1.568206E-01 2.094838E-03
4.285000E+02 1.579715E-01 2.102710E-03
4.295000E+02 1.545423E-01 2.169440E-03
4.305000E+02 1.525831E-01 2.137553E-03
4.315000E+02 1.548238E-01 2.147208E-03
4.325000E+02 1.526642E-01 2.118659E-03
4.335000E+02 1.514297E-01 2.138331E-03
4.345000E+02 1.469058E-01 2.085996E-03
4.355000E+02 1.465740E-01 2.095107E-03
4.365000E+02 1.459847E-01 2.144028E-03
4.375000E+02 1.440674E-01 2.105425E-03
4.385000E+02 1.405561E-01 2.069274E-03
4.395000E+02 1.372206E-01 2.020341E-03
4.405000E+02 1.395896E-01 2.033574E-03
4.415000E+02 1.411421E-01 2.038596E-03
4.425000E+02 1.360531E-01 1.982880E-03
4.435000E+02 1.346584E-01 1.971146E-03
4.445000E+02 1.341919E-01 1.959739E-03
4.455000E+02 1.337712E-01 1.938599E-03
4.465000E+02 1.291976E-01 1.890695E-03
4.475000E+02 1.324443E-01 1.909778E-03
4.485000E+02 1.282747E-01 1.877250E-03
4.495000E+02 1.305617E-01 1.884639E-03
4.505000E+02 1.260285E-01 1.830285E-03
4.515000E+02 1.235225E-01 1.789686E-03
4.525000E+02 1.264635E-01 1.808297E-03
4.535000E+02 1.238115E-01 1.823676E-03
4.545000E+02 1.252364E-01 1.810610E-03
4.555000E+02 1.204904E-01 1.771883E-03
4.565000E+02 1.198475E-01 1.759732E-03
4.575000E+02 1.179885E-01 1.733926E-03
4.585000E+02 1.168178E-01 1.716512E-03
4.595000E+02 1.187354E-01 1.721609E-03
4.605000E+02 1.157172E-01 1.742551E-03
4.615000E+02 1.119094E-01 1.728335E-03
4.625000E+02 1.143658E-01 1.747815E-03
4.635000E+02 1.118134E-01 1.717922E-03
4.645000E+02 1.124563E-01 1.705565E-03
4.655000E+02 1.092960E-01 1.726325E-03
4.665000E+02 1.092670E-01 1.735351E-03
4.675000E+02 1.065142E-01 1.683605E-03
4.685000E+02 1.079586E-01 1.704329E-03
4.695000E+02 1.056866E-01 1.667552E-03
4.705000E+02 1.018491E-01 1.613523E-03
4.715000E+02 1.037193E-01 1.642044E-03
4.725000E+02 1.050335E-01 1.651643E-03
4.735000E+02 1.023262E-01 1.601416E-03
4.745000E+02 1.013647E-01 1.598811E-03
4.755000E+02 1.010451E-01 1.602338E-03
4.765000E+02 9.895545E-02 1.574879E-03
4.775000E+02 1.009552E-01 1.606683E-03
4.785000E+02 9.878260E-02 1.564802E-03
4.795000E+02 9.658635E-02 1.539721E-03
4.805000E+02 9.420110E-02 1.510933E-03
4.815000E+02 9.566405E-02 1.520122E-03
4.825000E+02 9.363794E-02 1.485856E-03
4.835000E+02 9.300845E-02 1.471604E-03
4.845000E+02 9.151539E-02 1.454256E-03
4.855000E+02 9.366294E-02 1.473939E-03
4.865000E+02 9.117449E-02 1.437774E-03
4.875000E+02 8.982476E-02 1.418074E-03
4.885000E+02 9.140912E-02 1.429946E-03
4.895000E+02 9.251262E-02 1.442496E-03
4.905000E+02 8.926887E-02 1.404757E-03
4.915000E+02 8.698604E-02 1.371242E-03
4.925000E+02 8.498479E-02 1.349901E-03
4.935000E+02 8.500901E-02 1.341166E-03
4.945000E+02 8.430122E-02 1.318328E-03
4.955000E+02 8.404699E-02 1.316630E-03
4.965000E+02 8.301817E-02 1.305486E-03
4.975000E+02 8.414775E-02 1.314043E-03
4.985000E+02 8.119389E-02 1.272528E-03
4.995000E+02 8.170582E-02 1.273105E-03