2.080000E+01 3.110843E+04   2.462035E+02
2.240000E+01 2.291569E+04   1.561045E+02
2.400000E+01 1.768682E+04   1.237306E+02
2.560000E+01 1.388290E+04   1.008661E+02
2.720000E+01 1.085596E+04   7.329323E+01
2.880000E+01 8.662042E+03   5.600289E+01
3.040000E+01 7.106768E+03   4.861729E+01
3.200000E+01 5.808132E+03   3.877376E+01
3.360000E+01 4.751381E+03   3.032403E+01
3.520000E+01 3.986624E+03   2.588125E+01
3.680000E+01 3.346594E+03   2.158476E+01
3.840000E+01 2.826459E+03   1.774824E+01
4.000000E+01 2.393368E+03   1.491717E+01
4.160000E+01 2.077085E+03   1.339924E+01
4.320000E+01 1.772576E+03   1.100880E+01
4.480000E+01 1.541453E+03   9.707379E+00
4.640000E+01 1.321716E+03   8.116919E+00
4.800000E+01 1.161140E+03   6.969882E+00
4.960000E+01 1.014427E+03   6.214530E+00
5.120000E+01 9.008324E+02   5.526579E+00
5.280000E+01 7.950517E+02   5.149631E+00
5.440000E+01 7.023734E+02   4.497775E+00
5.600000E+01 6.364945E+02   4.072262E+00
5.760000E+01 5.627145E+02   3.524315E+00
5.920000E+01 5.026138E+02   3.496726E+00
6.080000E+01 4.531650E+02   3.288906E+00
6.240000E+01 4.136645E+02   2.949298E+00
6.400000E+01 3.727167E+02   2.737251E+00
6.560000E+01 3.330912E+02   2.382689E+00
6.720000E+01 3.026618E+02   2.162465E+00
6.880000E+01 2.768167E+02   1.963488E+00
7.040000E+01 2.540061E+02   1.776112E+00
7.200000E+01 2.324798E+02   1.976139E+00
7.360000E+01 2.107534E+02   2.075296E+00
7.520000E+01 1.960745E+02   2.146470E+00
7.680000E+01 1.804926E+02   2.021185E+00
7.840000E+01 1.659840E+02   1.860321E+00
8.000000E+01 1.540798E+02   1.711301E+00
8.160000E+01 1.395417E+02   1.542197E+00
8.320000E+01 1.278642E+02   1.406161E+00
8.480000E+01 1.203731E+02   1.307433E+00
8.640000E+01 1.127491E+02   1.210917E+00
8.800000E+01 1.043377E+02   1.112052E+00
8.960000E+01 9.762669E+01   1.030468E+00
9.120000E+01 8.852302E+01   9.299543E-01
9.280000E+01 8.377603E+01   8.722659E-01
9.440000E+01 7.796564E+01   8.079597E-01
9.600000E+01 7.302864E+01   8.230580E-01
9.760000E+01 6.822994E+01   7.651367E-01
9.920000E+01 6.480180E+01   7.223083E-01
1.008000E+02 5.965292E+01   6.688163E-01
1.024000E+02 5.584886E+01   6.335240E-01
1.040000E+02 5.265311E+01   5.926243E-01
1.056000E+02 4.979109E+01   5.555259E-01
1.072000E+02 4.472735E+01   1.193089E+00
1.088000E+02 4.655938E+01   1.523903E+00
1.104000E+02 4.083027E+01   1.391480E+00
1.120000E+02 3.785407E+01   1.233261E+00
1.136000E+02 3.654727E+01   1.238909E+00
1.152000E+02 3.428398E+01   1.155353E+00
1.168000E+02 3.328954E+01   1.146762E+00
1.184000E+02 3.084300E+01   1.002453E+00
1.200000E+02 3.073761E+01   1.054969E+00
1.216000E+02 2.785444E+01   9.342536E-01
1.232000E+02 2.606315E+01   9.669590E-01
1.248000E+02 2.486413E+01   9.707230E-01
1.264000E+02 2.405665E+01   9.815650E-01
1.280000E+02 2.205151E+01   9.069547E-01
1.296000E+02 2.093746E+01   8.907980E-01
1.312000E+02 2.058571E+01   9.036412E-01
1.328000E+02 2.002912E+01   8.548024E-01
1.344000E+02 1.956810E+01   8.263927E-01
1.360000E+02 1.749977E+01   7.421220E-01
1.376000E+02 1.669664E+01   7.144243E-01
1.392000E+02 1.551586E+01   6.665753E-01
1.408000E+02 1.636448E+01   6.658411E-01
1.424000E+02 1.417286E+01   5.901056E-01
1.440000E+02 1.519229E+01   6.332569E-01
1.456000E+02 1.420360E+01   5.820359E-01
1.472000E+02 1.330937E+01   5.472145E-01
1.488000E+02 1.280385E+01   5.261126E-01
1.504000E+02 1.210202E+01   4.909098E-01
1.520000E+02 1.175353E+01   4.688979E-01
1.536000E+02 1.143935E+01   4.642209E-01
1.552000E+02 1.031495E+01   4.512702E-01
1.568000E+02 1.042910E+01   4.445623E-01
1.584000E+02 1.006487E+01   4.258104E-01
1.600000E+02 9.424614E+00   3.950377E-01
1.616000E+02 8.532015E+00   3.671310E-01
1.632000E+02 8.068948E+00   3.450556E-01
1.648000E+02 8.280795E+00   3.441389E-01
1.664000E+02 7.840659E+00   3.243310E-01
1.680000E+02 7.547754E+00   3.172800E-01
1.696000E+02 8.066233E+00   3.270103E-01
1.712000E+02 7.368315E+00   3.017112E-01
1.728000E+02 6.513220E+00   2.733651E-01
1.744000E+02 6.752691E+00   2.721500E-01
1.760000E+02 6.554042E+00   2.635131E-01
1.776000E+02 5.999186E+00   2.439951E-01
1.792000E+02 5.957124E+00   2.403208E-01
1.808000E+02 5.934772E+00   2.350278E-01
1.824000E+02 5.192292E+00   2.100452E-01
1.840000E+02 5.576069E+00   2.184261E-01
1.856000E+02 5.013416E+00   1.999045E-01
1.872000E+02 4.883160E+00   1.932801E-01
1.888000E+02 4.874909E+00   1.910429E-01
1.904000E+02 4.598144E+00   1.803753E-01
1.920000E+02 4.521947E+00   1.761197E-01
1.936000E+02 4.443965E+00   1.712246E-01
1.952000E+02 4.232794E+00   1.625716E-01
1.968000E+02 3.795012E+00   1.518448E-01
1.984000E+02 3.872263E+00   1.500484E-01
2.000000E+02 3.779287E+00   1.449195E-01
2.016000E+02 3.645481E+00   1.395124E-01
2.032000E+02 3.673143E+00   1.398163E-01
2.048000E+02 3.267981E+00   1.260870E-01
2.064000E+02 3.199302E+00   1.227289E-01
2.080000E+02 3.166085E+00   1.198678E-01
2.096000E+02 3.223214E+00   1.197836E-01
2.112000E+02 2.907896E+00   1.113354E-01
2.128000E+02 2.769148E+00   1.048978E-01
2.144000E+02 2.610592E+00   1.007836E-01
2.160000E+02 2.648981E+00   9.938559E-02
2.176000E+02 2.659346E+00   9.824703E-02
2.192000E+02 2.494011E+00   9.329745E-02
2.208000E+02 2.553470E+00   9.410425E-02
2.224000E+02 2.579243E+00   9.322521E-02
2.240000E+02 2.472734E+00   8.806935E-02
2.256000E+02 2.242521E+00   8.244225E-02
2.272000E+02 2.225927E+00   7.960634E-02
2.288000E+02 2.093507E+00   7.651962E-02
2.304000E+02 2.164461E+00   7.738015E-02
2.320000E+02 2.021120E+00   7.290990E-02
2.336000E+02 1.931059E+00   7.006695E-02
2.352000E+02 1.818767E+00   6.577883E-02
2.368000E+02 1.827294E+00   6.689601E-02
2.384000E+02 1.819071E+00   6.427664E-02
2.400000E+02 1.777251E+00   6.303792E-02
2.416000E+02 1.701023E+00   5.944532E-02
2.432000E+02 1.565385E+00   5.699106E-02
2.448000E+02 1.623879E+00   5.680082E-02
2.464000E+02 1.530148E+00   5.383696E-02
2.480000E+02 1.520470E+00   5.363468E-02
2.496000E+02 1.448506E+00   5.076149E-02
2.512000E+02 1.490700E+00   5.189807E-02
2.528000E+02 1.440506E+00   4.971455E-02
2.544000E+02 1.410154E+00   4.897293E-02
2.560000E+02 1.384657E+00   4.748700E-02
2.576000E+02 1.298460E+00   4.578667E-02
2.592000E+02 1.328358E+00   4.580043E-02
2.608000E+02 1.243953E+00   4.338618E-02
2.624000E+02 1.192551E+00   4.157432E-02
2.640000E+02 1.216773E+00   4.198007E-02
2.656000E+02 1.158343E+00   3.947303E-02
2.672000E+02 1.116113E+00   3.833516E-02
2.688000E+02 1.028526E+00   3.585371E-02
2.704000E+02 1.066500E+00   3.651323E-02
2.720000E+02 1.068931E+00   3.614442E-02
2.736000E+02 1.031275E+00   3.514947E-02
2.752000E+02 1.005908E+00   3.375583E-02
2.768000E+02 9.619388E-01   3.337678E-02
2.784000E+02 9.330026E-01   3.120997E-02
2.800000E+02 9.037021E-01   3.066486E-02
2.816000E+02 9.254350E-01   3.090629E-02
2.832000E+02 8.951673E-01   3.032543E-02
2.848000E+02 8.883459E-01   2.939059E-02
2.864000E+02 8.897985E-01   2.954741E-02
2.880000E+02 8.338320E-01   2.786588E-02
2.896000E+02 7.817221E-01   2.581906E-02
2.912000E+02 7.592676E-01   2.526568E-02
2.928000E+02 7.913777E-01   2.576687E-02
2.944000E+02 7.337890E-01   2.413664E-02
2.960000E+02 7.601952E-01   2.456933E-02
2.976000E+02 7.163849E-01   2.323511E-02
2.992000E+02 6.921007E-01   2.261701E-02
3.008000E+02 6.983863E-01   2.269618E-02
3.024000E+02 7.115761E-01   2.281428E-02
3.040000E+02 6.822667E-01   2.164019E-02
3.056000E+02 6.273098E-01   2.036086E-02
3.072000E+02 6.363198E-01   2.048743E-02
3.088000E+02 6.208162E-01   1.977352E-02
3.104000E+02 6.084170E-01   1.959526E-02
3.120000E+02 5.932064E-01   1.897133E-02
3.136000E+02 5.853288E-01   1.853813E-02
3.152000E+02 5.477591E-01   1.786519E-02
3.168000E+02 5.933948E-01   1.865658E-02
3.184000E+02 5.636255E-01   1.772149E-02
3.200000E+02 5.476476E-01   1.727642E-02
3.216000E+02 5.416935E-01   1.680689E-02
3.232000E+02 5.224088E-01   1.628889E-02
3.248000E+02 5.457562E-01   1.680411E-02
3.264000E+02 5.046252E-01   1.557787E-02
3.280000E+02 4.819635E-01   1.516150E-02
3.296000E+02 5.231267E-01   1.578007E-02
3.312000E+02 4.929702E-01   1.519019E-02
3.328000E+02 4.885954E-01   1.485069E-02
3.344000E+02 4.685745E-01   1.435247E-02
3.360000E+02 4.258786E-01   1.332983E-02
3.376000E+02 4.107558E-01   1.273789E-02
3.392000E+02 4.327109E-01   1.312576E-02
3.408000E+02 4.000801E-01   1.240226E-02
3.424000E+02 4.152520E-01   1.258217E-02
3.440000E+02 3.960535E-01   1.218977E-02
3.456000E+02 3.924508E-01   1.184324E-02
3.472000E+02 3.681909E-01   1.152066E-02
3.488000E+02 3.630846E-01   1.114297E-02
3.504000E+02 3.690240E-01   1.124549E-02
3.520000E+02 3.653845E-01   1.108906E-02
3.536000E+02 3.407743E-01   1.034157E-02
3.552000E+02 3.344027E-01   1.006111E-02
3.568000E+02 3.432674E-01   1.054776E-02
3.584000E+02 3.089731E-01   9.482279E-03
3.600000E+02 3.436089E-01   1.016264E-02
3.616000E+02 3.234829E-01   9.706918E-03
3.632000E+02 3.046583E-01   9.231300E-03
3.648000E+02 3.181559E-01   9.512459E-03
3.664000E+02 3.029186E-01   9.085378E-03
3.680000E+02 2.929202E-01   8.781115E-03
3.696000E+02 2.854666E-01   8.672893E-03
3.712000E+02 2.802978E-01   8.434737E-03
3.728000E+02 2.755545E-01   8.312158E-03
3.744000E+02 2.789051E-01   8.254837E-03
3.760000E+02 2.490230E-01   7.597679E-03
3.776000E+02 2.631638E-01   7.933959E-03
3.792000E+02 2.557176E-01   7.693646E-03
3.808000E+02 2.623973E-01   7.810804E-03
3.824000E+02 2.568512E-01   7.625656E-03
3.840000E+02 2.450735E-01   7.348069E-03
3.856000E+02 2.497776E-01   7.357864E-03
3.872000E+02 2.383832E-01   7.038908E-03
3.888000E+02 2.220437E-01   6.633133E-03
3.904000E+02 2.224713E-01   6.699949E-03
3.920000E+02 2.394450E-01   6.928298E-03
3.936000E+02 2.208680E-01   6.502624E-03
3.952000E+02 2.127885E-01   6.267681E-03
3.968000E+02 2.204620E-01   6.450672E-03
3.984000E+02 2.089035E-01   6.162215E-03
4.000000E+02 2.050147E-01   5.969501E-03
4.016000E+02 2.087619E-01   6.056216E-03
4.032000E+02 2.030034E-01   5.902273E-03
4.048000E+02 1.978362E-01   5.748855E-03
4.064000E+02 1.973096E-01   5.673654E-03
4.080000E+02 1.918867E-01   5.546406E-03
4.096000E+02 1.925846E-01   5.483532E-03
4.112000E+02 1.894767E-01   5.410082E-03
4.128000E+02 1.771140E-01   5.137165E-03
4.144000E+02 1.937096E-01   5.393359E-03
4.160000E+02 1.729655E-01   4.980467E-03
4.176000E+02 1.715246E-01   4.982512E-03
4.192000E+02 1.619273E-01   4.697893E-03
4.208000E+02 1.767389E-01   4.949639E-03
4.224000E+02 1.725735E-01   4.849621E-03
4.240000E+02 1.568323E-01   4.510049E-03
4.256000E+02 1.607001E-01   4.560452E-03
4.272000E+02 1.596457E-01   4.520825E-03
4.288000E+02 1.562374E-01   4.402643E-03
4.304000E+02 1.456388E-01   4.172659E-03
4.320000E+02 1.545388E-01   4.366048E-03
4.336000E+02 1.492973E-01   4.173448E-03
4.352000E+02 1.433047E-01   4.039808E-03
4.368000E+02 1.432852E-01   4.030760E-03
4.384000E+02 1.390522E-01   3.920710E-03
4.400000E+02 1.370654E-01   3.865471E-03
4.416000E+02 1.362845E-01   3.809272E-03
4.432000E+02 1.371926E-01   3.760597E-03
4.448000E+02 1.334807E-01   3.740182E-03
4.464000E+02 1.346125E-01   3.723533E-03
4.480000E+02 1.267041E-01   3.557395E-03
4.496000E+02 1.270324E-01   3.504250E-03
4.512000E+02 1.250544E-01   3.454921E-03
4.528000E+02 1.211323E-01   3.373338E-03
4.544000E+02 1.257110E-01   3.426824E-03
4.560000E+02 1.257491E-01   3.429480E-03
4.576000E+02 1.155372E-01   3.194626E-03
4.592000E+02 1.223466E-01   3.303463E-03
4.608000E+02 1.177117E-01   3.221302E-03
4.624000E+02 1.155014E-01   3.106583E-03
4.640000E+02 1.134738E-01   3.063186E-03
4.656000E+02 1.064507E-01   2.923186E-03
4.672000E+02 1.077760E-01   2.931216E-03
4.688000E+02 1.036976E-01   2.839199E-03
4.704000E+02 1.036845E-01   2.802921E-03
4.720000E+02 1.056702E-01   2.843129E-03
4.736000E+02 1.022497E-01   2.753210E-03
4.752000E+02 1.037650E-01   2.774673E-03
4.768000E+02 9.816929E-02   2.667274E-03
4.784000E+02 1.024337E-01   2.733497E-03
4.800000E+02 9.985611E-02   2.653624E-03
4.816000E+02 9.991482E-02   2.656483E-03
4.832000E+02 9.027838E-02   2.430778E-03
4.848000E+02 9.251625E-02   2.472957E-03
4.864000E+02 9.258685E-02   2.454550E-03
4.880000E+02 8.457611E-02   2.313303E-03
4.896000E+02 8.728652E-02   2.335697E-03
4.912000E+02 8.491062E-02   2.266553E-03
4.928000E+02 8.633367E-02   2.297791E-03
4.944000E+02 8.523334E-02   2.265574E-03
4.960000E+02 8.322993E-02   2.208449E-03
4.976000E+02 8.290615E-02   2.151688E-03
4.992000E+02 8.459611E-02   2.217243E-03
