2.080000E+01 3.174310E+04   1.693072E+02
2.240000E+01 2.360506E+04   1.191414E+02
2.400000E+01 1.801996E+04   8.821359E+01
2.560000E+01 1.393248E+04   6.636622E+01
2.720000E+01 1.093947E+04   4.855905E+01
2.880000E+01 8.824392E+03   4.095333E+01
3.040000E+01 7.121012E+03   3.231604E+01
3.200000E+01 5.783614E+03   2.539234E+01
3.360000E+01 4.715195E+03   1.868459E+01
3.520000E+01 3.971623E+03   1.775111E+01
3.680000E+01 3.345675E+03   1.457295E+01
3.840000E+01 2.804876E+03   1.173408E+01
4.000000E+01 2.403479E+03   1.041876E+01
4.160000E+01 2.061801E+03   9.169024E+00
4.320000E+01 1.761963E+03   7.608260E+00
4.480000E+01 1.538031E+03   6.901036E+00
4.640000E+01 1.341309E+03   6.146520E+00
4.800000E+01 1.157144E+03   5.258964E+00
4.960000E+01 1.015417E+03   4.411406E+00
5.120000E+01 9.048350E+02   4.178715E+00
5.280000E+01 7.965971E+02   3.893670E+00
5.440000E+01 7.106260E+02   3.543022E+00
5.600000E+01 6.288132E+02   3.031743E+00
5.760000E+01 5.612770E+02   2.763196E+00
5.920000E+01 5.076409E+02   2.713365E+00
6.080000E+01 4.499992E+02   2.491120E+00
6.240000E+01 4.085564E+02   2.310402E+00
6.400000E+01 3.749389E+02   2.228816E+00
6.560000E+01 3.374863E+02   1.966502E+00
6.720000E+01 3.038529E+02   1.729788E+00
6.880000E+01 2.755068E+02   1.542635E+00
7.040000E+01 2.574607E+02   1.888878E+00
7.200000E+01 2.252178E+02   2.117325E+00
7.360000E+01 2.116799E+02   2.024311E+00
7.520000E+01 1.951610E+02   1.904757E+00
7.680000E+01 1.794253E+02   1.768882E+00
7.840000E+01 1.644904E+02   1.613303E+00
8.000000E+01 1.527055E+02   1.545385E+00
8.160000E+01 1.439404E+02   1.544604E+00
8.320000E+01 1.281308E+02   1.468855E+00
8.480000E+01 1.205856E+02   1.427941E+00
8.640000E+01 1.101064E+02   1.311449E+00
8.800000E+01 1.044689E+02   1.223044E+00
8.960000E+01 9.863095E+01   1.138354E+00
9.120000E+01 9.190148E+01   1.049732E+00
9.280000E+01 8.459875E+01   9.630852E-01
9.440000E+01 7.643669E+01   8.722337E-01
9.600000E+01 7.187289E+01   8.388443E-01
9.760000E+01 6.825723E+01   7.864375E-01
9.920000E+01 6.407112E+01   7.396112E-01
1.008000E+02 6.041579E+01   6.852154E-01
1.024000E+02 5.655576E+01   6.463359E-01
1.040000E+02 5.312521E+01   6.001140E-01
1.056000E+02 5.034733E+01   6.791206E-01
1.072000E+02 4.652574E+01   7.845900E-01
1.088000E+02 4.419017E+01   9.149320E-01
1.104000E+02 3.970108E+01   7.848339E-01
1.120000E+02 4.053245E+01   9.030335E-01
1.136000E+02 3.684692E+01   7.526344E-01
1.152000E+02 3.443229E+01   6.899332E-01
1.168000E+02 3.321687E+01   6.677528E-01
1.184000E+02 3.154010E+01   7.580734E-01
1.200000E+02 2.908280E+01   8.612098E-01
1.216000E+02 2.952952E+01   9.162878E-01
1.232000E+02 2.589508E+01   7.952147E-01
1.248000E+02 2.473545E+01   7.593054E-01
1.264000E+02 2.385242E+01   7.694268E-01
1.280000E+02 2.320943E+01   7.958189E-01
1.296000E+02 2.061368E+01   7.079445E-01
1.312000E+02 2.034514E+01   6.871273E-01
1.328000E+02 1.891018E+01   6.422402E-01
1.344000E+02 1.834564E+01   6.188328E-01
1.360000E+02 1.867754E+01   6.296477E-01
1.376000E+02 1.820896E+01   6.036982E-01
1.392000E+02 1.593702E+01   5.307517E-01
1.408000E+02 1.516665E+01   4.963378E-01
1.424000E+02 1.443101E+01   4.647652E-01
1.440000E+02 1.382910E+01   4.533291E-01
1.456000E+02 1.342070E+01   4.412110E-01
1.472000E+02 1.310722E+01   4.285592E-01
1.488000E+02 1.243856E+01   4.193113E-01
1.504000E+02 1.174650E+01   3.933175E-01
1.520000E+02 1.154025E+01   3.795789E-01
1.536000E+02 1.117118E+01   3.731750E-01
1.552000E+02 1.003591E+01   3.540209E-01
1.568000E+02 1.011555E+01   3.479928E-01
1.584000E+02 1.005571E+01   3.424664E-01
1.600000E+02 9.991637E+00   3.342822E-01
1.616000E+02 9.570888E+00   3.153278E-01
1.632000E+02 8.358169E+00   2.826356E-01
1.648000E+02 7.665872E+00   2.646021E-01
1.664000E+02 8.033997E+00   2.671956E-01
1.680000E+02 7.693877E+00   2.563841E-01
1.696000E+02 7.645128E+00   2.541426E-01
1.712000E+02 7.329657E+00   2.370615E-01
1.728000E+02 6.874601E+00   2.261835E-01
1.744000E+02 6.783088E+00   2.203436E-01
1.760000E+02 6.268305E+00   2.057034E-01
1.776000E+02 6.186475E+00   2.000256E-01
1.792000E+02 6.215422E+00   2.006966E-01
1.808000E+02 5.482877E+00   1.784950E-01
1.824000E+02 5.358521E+00   1.713080E-01
1.840000E+02 5.476895E+00   1.735011E-01
1.856000E+02 4.762925E+00   1.551425E-01
1.872000E+02 4.975819E+00   1.572925E-01
1.888000E+02 4.715203E+00   1.495210E-01
1.904000E+02 4.619052E+00   1.448205E-01
1.920000E+02 4.376964E+00   1.395036E-01
1.936000E+02 4.078759E+00   1.347429E-01
1.952000E+02 4.142855E+00   1.332038E-01
1.968000E+02 4.068063E+00   1.314423E-01
1.984000E+02 4.018057E+00   1.263884E-01
2.000000E+02 3.855985E+00   1.229017E-01
2.016000E+02 3.546874E+00   1.131020E-01
2.032000E+02 3.527331E+00   1.151088E-01
2.048000E+02 3.187651E+00   1.071642E-01
2.064000E+02 3.296533E+00   1.068273E-01
2.080000E+02 3.278476E+00   1.052835E-01
2.096000E+02 3.036713E+00   9.931113E-02
2.112000E+02 3.017001E+00   9.743978E-02
2.128000E+02 2.968430E+00   9.459845E-02
2.144000E+02 2.859165E+00   9.100671E-02
2.160000E+02 2.628540E+00   8.480137E-02
2.176000E+02 2.597525E+00   8.283080E-02
2.192000E+02 2.540015E+00   8.123559E-02
2.208000E+02 2.533491E+00   7.998129E-02
2.224000E+02 2.351803E+00   7.402329E-02
2.240000E+02 2.221645E+00   7.109599E-02
2.256000E+02 2.197833E+00   6.946319E-02
2.272000E+02 2.236472E+00   6.970346E-02
2.288000E+02 2.149544E+00   6.657189E-02
2.304000E+02 2.164065E+00   6.646634E-02
2.320000E+02 2.048298E+00   6.296497E-02
2.336000E+02 1.926410E+00   6.014069E-02
2.352000E+02 1.923167E+00   5.912525E-02
2.368000E+02 1.872129E+00   5.677469E-02
2.384000E+02 1.812829E+00   5.560137E-02
2.400000E+02 1.827033E+00   5.500717E-02
2.416000E+02 1.751146E+00   5.242945E-02
2.432000E+02 1.704623E+00   5.115637E-02
2.448000E+02 1.641450E+00   4.923268E-02
2.464000E+02 1.682601E+00   4.938583E-02
2.480000E+02 1.650451E+00   4.826657E-02
2.496000E+02 1.472518E+00   4.441199E-02
2.512000E+02 1.476057E+00   4.398596E-02
2.528000E+02 1.412855E+00   4.253390E-02
2.544000E+02 1.328771E+00   3.964886E-02
2.560000E+02 1.353679E+00   4.051149E-02
2.576000E+02 1.276712E+00   3.874442E-02
2.592000E+02 1.240032E+00   3.724762E-02
2.608000E+02 1.249005E+00   3.684459E-02
2.624000E+02 1.229481E+00   3.611836E-02
2.640000E+02 1.155039E+00   3.415109E-02
2.656000E+02 1.165261E+00   3.419443E-02
2.672000E+02 1.137372E+00   3.344943E-02
2.688000E+02 1.120852E+00   3.253066E-02
2.704000E+02 1.094410E+00   3.172161E-02
2.720000E+02 1.046485E+00   3.039168E-02
2.736000E+02 9.697655E-01   2.865030E-02
2.752000E+02 9.938849E-01   2.873789E-02
2.768000E+02 9.947963E-01   2.858351E-02
2.784000E+02 9.845669E-01   2.818245E-02
2.800000E+02 9.321848E-01   2.648336E-02
2.816000E+02 9.026521E-01   2.578129E-02
2.832000E+02 8.787005E-01   2.509307E-02
2.848000E+02 8.399323E-01   2.424469E-02
2.864000E+02 8.506406E-01   2.403566E-02
2.880000E+02 8.497379E-01   2.357245E-02
2.896000E+02 7.889377E-01   2.258654E-02
2.912000E+02 7.570777E-01   2.175651E-02
2.928000E+02 7.673196E-01   2.152850E-02
2.944000E+02 7.308750E-01   2.071607E-02
2.960000E+02 7.456063E-01   2.074219E-02
2.976000E+02 7.053177E-01   1.990651E-02
2.992000E+02 7.165690E-01   1.990417E-02
3.008000E+02 6.770347E-01   1.890565E-02
3.024000E+02 7.136756E-01   1.945162E-02
3.040000E+02 6.437571E-01   1.788439E-02
3.056000E+02 6.750664E-01   1.826958E-02
3.072000E+02 6.497221E-01   1.773919E-02
3.088000E+02 6.312703E-01   1.715933E-02
3.104000E+02 6.129834E-01   1.668729E-02
3.120000E+02 5.870133E-01   1.606563E-02
3.136000E+02 5.704323E-01   1.565207E-02
3.152000E+02 5.558707E-01   1.526671E-02
3.168000E+02 5.588400E-01   1.523155E-02
3.184000E+02 5.732385E-01   1.518370E-02
3.200000E+02 5.294319E-01   1.426528E-02
3.216000E+02 5.144113E-01   1.405162E-02
3.232000E+02 4.980374E-01   1.352559E-02
3.248000E+02 4.996580E-01   1.349319E-02
3.264000E+02 4.867545E-01   1.307245E-02
3.280000E+02 4.761132E-01   1.260905E-02
3.296000E+02 4.630838E-01   1.234269E-02
3.312000E+02 4.704014E-01   1.240368E-02
3.328000E+02 4.475605E-01   1.198085E-02
3.344000E+02 4.448789E-01   1.186920E-02
3.360000E+02 4.179181E-01   1.116010E-02
3.376000E+02 4.116585E-01   1.090622E-02
3.392000E+02 4.140626E-01   1.099588E-02
3.408000E+02 4.029528E-01   1.073501E-02
3.424000E+02 3.950727E-01   1.038916E-02
3.440000E+02 4.059423E-01   1.049878E-02
3.456000E+02 3.984511E-01   1.030452E-02
3.472000E+02 3.872438E-01   1.003489E-02
3.488000E+02 3.813519E-01   9.831890E-03
3.504000E+02 3.678179E-01   9.542321E-03
3.520000E+02 3.642227E-01   9.337134E-03
3.536000E+02 3.292807E-01   8.716239E-03
3.552000E+02 3.318166E-01   8.616135E-03
3.568000E+02 3.378356E-01   8.738015E-03
3.584000E+02 3.358734E-01   8.607274E-03
3.600000E+02 3.192375E-01   8.259881E-03
3.616000E+02 3.172503E-01   8.140846E-03
3.632000E+02 3.129136E-01   7.966995E-03
3.648000E+02 3.084307E-01   7.900207E-03
3.664000E+02 3.074342E-01   7.734707E-03
3.680000E+02 3.132605E-01   7.867814E-03
3.696000E+02 2.986504E-01   7.584426E-03
3.712000E+02 2.862499E-01   7.325965E-03
3.728000E+02 2.781346E-01   7.120829E-03
3.744000E+02 2.769662E-01   7.024378E-03
3.760000E+02 2.669885E-01   6.794587E-03
3.776000E+02 2.559458E-01   6.555029E-03
3.792000E+02 2.621459E-01   6.600613E-03
3.808000E+02 2.602498E-01   6.545624E-03
3.824000E+02 2.483761E-01   6.267203E-03
3.840000E+02 2.509234E-01   6.266404E-03
3.856000E+02 2.502712E-01   6.182374E-03
3.872000E+02 2.307436E-01   5.868311E-03
3.888000E+02 2.353616E-01   5.882747E-03
3.904000E+02 2.385073E-01   5.943043E-03
3.920000E+02 2.345368E-01   5.800795E-03
3.936000E+02 2.279560E-01   5.601927E-03
3.952000E+02 2.271238E-01   5.586592E-03
3.968000E+02 2.222072E-01   5.472865E-03
3.984000E+02 2.162070E-01   5.381667E-03
4.000000E+02 2.034813E-01   5.080710E-03
4.016000E+02 2.043737E-01   5.021192E-03
4.032000E+02 1.981906E-01   4.931442E-03
4.048000E+02 2.038899E-01   4.968966E-03
4.064000E+02 1.896146E-01   4.726353E-03
4.080000E+02 1.986238E-01   4.784680E-03
4.096000E+02 1.914136E-01   4.631769E-03
4.112000E+02 1.854560E-01   4.536171E-03
4.128000E+02 1.857225E-01   4.481744E-03
4.144000E+02 1.773067E-01   4.347140E-03
4.160000E+02 1.787290E-01   4.338754E-03
4.176000E+02 1.664259E-01   4.102034E-03
4.192000E+02 1.792190E-01   4.306433E-03
4.208000E+02 1.653856E-01   3.995588E-03
4.224000E+02 1.735575E-01   4.149293E-03
4.240000E+02 1.631244E-01   3.923972E-03
4.256000E+02 1.531227E-01   3.745571E-03
4.272000E+02 1.601142E-01   3.809046E-03
4.288000E+02 1.563661E-01   3.746355E-03
4.304000E+02 1.558501E-01   3.701500E-03
4.320000E+02 1.608107E-01   3.776731E-03
4.336000E+02 1.480029E-01   3.518233E-03
4.352000E+02 1.435941E-01   3.425433E-03
4.368000E+02 1.438678E-01   3.451610E-03
4.384000E+02 1.371671E-01   3.300796E-03
4.400000E+02 1.405556E-01   3.307678E-03
4.416000E+02 1.377196E-01   3.264949E-03
4.432000E+02 1.396545E-01   3.271262E-03
4.448000E+02 1.387349E-01   3.227799E-03
4.464000E+02 1.372196E-01   3.161305E-03
4.480000E+02 1.282802E-01   3.027017E-03
4.496000E+02 1.341478E-01   3.091931E-03
4.512000E+02 1.260697E-01   2.934521E-03
4.528000E+02 1.234402E-01   2.875606E-03
4.544000E+02 1.252073E-01   2.916914E-03
4.560000E+02 1.192270E-01   2.790909E-03
4.576000E+02 1.165410E-01   2.734139E-03
4.592000E+02 1.154711E-01   2.702403E-03
4.608000E+02 1.134462E-01   2.648450E-03
4.624000E+02 1.194744E-01   2.718729E-03
4.640000E+02 1.126168E-01   2.589784E-03
4.656000E+02 1.074523E-01   2.501631E-03
4.672000E+02 1.056525E-01   2.462403E-03
4.688000E+02 1.056770E-01   2.464572E-03
4.704000E+02 1.045424E-01   2.419266E-03
4.720000E+02 1.010482E-01   2.339248E-03
4.736000E+02 1.040864E-01   2.382357E-03
4.752000E+02 1.044658E-01   2.376041E-03
4.768000E+02 9.575186E-02   2.231500E-03
4.784000E+02 9.721122E-02   2.233536E-03
4.800000E+02 9.641829E-02   2.195559E-03
4.816000E+02 9.637850E-02   2.198091E-03
4.832000E+02 9.526391E-02   2.158804E-03
4.848000E+02 9.479567E-02   2.136599E-03
4.864000E+02 8.858704E-02   2.033622E-03
4.880000E+02 8.808012E-02   2.018628E-03
4.896000E+02 8.649163E-02   1.973067E-03
4.912000E+02 8.728199E-02   1.972785E-03
4.928000E+02 8.999583E-02   2.004959E-03
4.944000E+02 8.792450E-02   1.941292E-03
4.960000E+02 8.363988E-02   1.881028E-03
4.976000E+02 8.379415E-02   1.872765E-03
4.992000E+02 8.113716E-02   1.818427E-03
