2.030000E+01 2.481800E-01   3.955197E-03
2.090000E+01 2.516686E-01   4.011361E-03
2.150000E+01 2.539086E-01   4.038033E-03
2.210000E+01 2.552042E-01   3.850299E-03
2.270000E+01 2.566850E-01   3.860378E-03
2.330000E+01 2.628400E-01   3.932746E-03
2.390000E+01 2.623167E-01   3.892696E-03
2.450000E+01 2.634027E-01   3.798246E-03
2.510000E+01 2.741496E-01   3.947400E-03
2.570000E+01 2.702055E-01   3.823916E-03
2.630000E+01 2.713008E-01   3.701917E-03
2.690000E+01 2.713896E-01   3.893291E-03
2.750000E+01 2.770572E-01   3.817271E-03
2.810000E+01 2.877087E-01   3.906641E-03
2.870000E+01 2.858516E-01   3.808532E-03
2.930000E+01 2.882970E-01   3.898559E-03
2.990000E+01 2.917608E-01   3.938592E-03
3.050000E+01 3.011577E-01   3.973754E-03
3.110000E+01 3.003914E-01   4.018927E-03
3.170000E+01 2.986556E-01   3.855218E-03
3.230000E+01 3.078228E-01   3.994855E-03
3.290000E+01 3.054166E-01   3.877337E-03
3.350000E+01 3.144709E-01   4.063129E-03
3.410000E+01 3.169188E-01   3.954672E-03
3.470000E+01 3.242854E-01   4.032368E-03
3.530000E+01 3.238326E-01   3.968132E-03
3.590000E+01 3.352833E-01   4.115378E-03
3.650000E+01 3.370707E-01   4.049608E-03
3.710000E+01 3.316641E-01   3.950584E-03
3.770000E+01 3.449315E-01   4.136870E-03
3.830000E+01 3.427697E-01   4.008766E-03
3.890000E+01 3.519450E-01   4.085562E-03
3.950000E+01 3.493124E-01   4.042478E-03
4.010000E+01 3.609934E-01   4.167342E-03
4.070000E+01 3.673298E-01   4.159750E-03
4.130000E+01 3.686607E-01   4.218646E-03
4.190000E+01 3.819122E-01   4.284962E-03
4.250000E+01 3.824850E-01   4.267729E-03
4.310000E+01 3.902978E-01   4.305812E-03
4.370000E+01 3.968319E-01   4.420941E-03
4.430000E+01 4.056396E-01   4.454566E-03
4.490000E+01 4.148985E-01   4.513241E-03
4.550000E+01 4.168553E-01   4.480006E-03
4.610000E+01 4.160852E-01   4.647589E-03
4.670000E+01 4.376861E-01   4.601100E-03
4.730000E+01 4.472932E-01   4.747673E-03
4.790000E+01 4.439874E-01   4.697872E-03
4.850000E+01 4.677396E-01   4.880299E-03
4.910000E+01 4.716082E-01   4.921334E-03
4.970000E+01 4.850052E-01   4.995493E-03
5.030000E+01 4.990592E-01   5.208196E-03
5.090000E+01 4.984675E-01   4.995650E-03
5.150000E+01 5.139111E-01   5.281259E-03
5.210000E+01 5.211230E-01   5.291381E-03
5.270000E+01 5.275243E-01   5.275015E-03
5.330000E+01 5.505788E-01   5.512146E-03
5.390000E+01 5.614162E-01   5.592547E-03
5.450000E+01 5.734590E-01   5.613191E-03
5.510000E+01 5.916655E-01   5.922206E-03
5.570000E+01 6.133221E-01   6.080207E-03
5.630000E+01 6.150803E-01   5.797169E-03
5.690000E+01 6.387848E-01   6.240413E-03
5.750000E+01 6.531266E-01   6.253278E-03
5.810000E+01 6.739898E-01   6.374312E-03
5.870000E+01 6.882355E-01   6.412837E-03
5.930000E+01 7.205167E-01   6.877940E-03
5.990000E+01 7.360574E-01   6.906634E-03
6.050000E+01 7.670664E-01   6.984268E-03
6.110000E+01 7.824250E-01   6.966728E-03
6.170000E+01 8.111030E-01   7.238050E-03
6.230000E+01 8.324521E-01   7.421075E-03
6.290000E+01 8.596111E-01   7.458605E-03
6.350000E+01 8.794594E-01   7.557333E-03
6.410000E+01 9.249218E-01   8.035078E-03
6.470000E+01 9.665094E-01   8.232627E-03
6.530000E+01 1.018669E+00   8.801781E-03
6.590000E+01 1.043461E+00   8.838797E-03
6.650000E+01 1.088827E+00   9.061528E-03
6.710000E+01 1.160793E+00   9.706849E-03
6.770000E+01 1.185215E+00   9.956093E-03
6.830000E+01 1.213634E+00   9.808857E-03
6.890000E+01 1.287260E+00   1.040492E-02
6.950000E+01 1.345744E+00   1.091779E-02
7.010000E+01 1.435002E+00   1.170970E-02
7.070000E+01 1.490994E+00   1.212234E-02
7.130000E+01 1.557084E+00   1.237670E-02
7.190000E+01 1.657604E+00   1.354906E-02
7.250000E+01 1.761824E+00   1.430127E-02
7.310000E+01 1.857370E+00   1.493525E-02
7.370000E+01 1.975104E+00   1.596898E-02
7.430000E+01 2.094052E+00   1.642355E-02
7.490000E+01 2.270919E+00   1.808573E-02
7.550000E+01 2.422041E+00   1.813313E-02
7.610000E+01 2.584280E+00   1.976857E-02
7.670000E+01 2.746813E+00   2.001961E-02
7.730000E+01 2.969319E+00   2.195284E-02
7.790000E+01 3.231084E+00   2.397741E-02
7.850000E+01 3.529847E+00   2.607574E-02
7.910000E+01 3.818931E+00   2.741890E-02
7.970000E+01 4.249888E+00   3.061124E-02
8.030000E+01 4.672331E+00   3.377687E-02
8.090000E+01 5.193801E+00   3.725034E-02
8.150000E+01 5.895730E+00   4.231915E-02
8.210000E+01 6.526906E+00   4.600465E-02
8.270000E+01 7.434193E+00   5.107728E-02
8.330000E+01 8.524215E+00   5.770825E-02
8.390000E+01 9.805362E+00   6.513506E-02
8.450000E+01 1.158634E+01   7.851806E-02
8.510000E+01 1.378117E+01   8.967651E-02
8.570000E+01 1.666059E+01   1.098235E-01
8.630000E+01 2.050919E+01   1.321885E-01
8.690000E+01 2.628982E+01   1.705717E-01
8.750000E+01 3.438032E+01   2.225523E-01
8.810000E+01 4.706001E+01   3.051147E-01
8.870000E+01 6.690232E+01   4.177581E-01
8.930000E+01 1.005313E+02   6.322032E-01
8.990000E+01 1.606674E+02   1.011770E+00
9.050000E+01 2.510628E+02   1.513837E+00
9.110000E+01 3.249376E+02   2.013390E+00
9.170000E+01 2.845509E+02   1.817822E+00
9.230000E+01 1.829225E+02   1.163619E+00
9.290000E+01 1.126875E+02   7.124032E-01
9.350000E+01 7.179332E+01   4.460525E-01
9.410000E+01 4.917773E+01   3.091531E-01
9.470000E+01 3.512969E+01   2.187933E-01
9.530000E+01 2.603555E+01   1.592667E-01
9.590000E+01 1.990095E+01   1.215780E-01
9.650000E+01 1.577384E+01   9.724332E-02
9.710000E+01 1.281151E+01   7.978236E-02
9.770000E+01 1.048367E+01   6.570336E-02
9.830000E+01 8.757183E+00   5.393549E-02
9.890000E+01 7.509942E+00   4.804041E-02
9.950000E+01 6.435661E+00   4.124285E-02
1.001000E+02 5.613287E+00   3.683964E-02
1.007000E+02 4.852761E+00   3.230888E-02
1.013000E+02 4.262723E+00   2.784071E-02
1.019000E+02 3.801575E+00   2.503386E-02
1.025000E+02 3.415095E+00   2.263417E-02
1.031000E+02 3.053654E+00   1.984859E-02
1.037000E+02 2.749898E+00   1.813110E-02
1.043000E+02 2.500255E+00   1.691244E-02
1.049000E+02 2.274354E+00   1.655077E-02
1.055000E+02 2.078911E+00   1.570068E-02
1.061000E+02 1.887794E+00   1.399629E-02
1.067000E+02 1.741653E+00   1.300013E-02
1.073000E+02 1.605382E+00   1.199954E-02
1.079000E+02 1.461431E+00   1.079179E-02
1.085000E+02 1.383261E+00   1.016131E-02
1.091000E+02 1.272801E+00   9.416679E-03
1.097000E+02 1.187119E+00   8.774408E-03
1.103000E+02 1.112893E+00   8.103138E-03
1.109000E+02 1.030933E+00   7.619164E-03
1.115000E+02 9.642556E-01   7.034906E-03
1.121000E+02 9.088404E-01   6.723486E-03
1.127000E+02 8.574338E-01   6.200168E-03
1.133000E+02 7.985178E-01   5.732867E-03
1.139000E+02 7.562435E-01   6.116967E-03
1.145000E+02 7.006091E-01   5.708416E-03
1.151000E+02 6.726898E-01   5.491891E-03
1.157000E+02 6.400237E-01   5.200742E-03
1.163000E+02 6.000121E-01   4.895494E-03
1.169000E+02 5.747291E-01   4.662039E-03
1.175000E+02 5.416213E-01   4.325796E-03
1.181000E+02 5.162056E-01   4.152164E-03
1.187000E+02 4.849968E-01   3.889859E-03
1.193000E+02 4.706550E-01   3.785977E-03
1.199000E+02 4.434384E-01   3.565297E-03
1.205000E+02 4.250082E-01   3.553756E-03
1.211000E+02 4.042445E-01   3.336827E-03
1.217000E+02 3.889624E-01   3.249811E-03
1.223000E+02 3.748921E-01   3.105331E-03
1.229000E+02 3.547607E-01   2.936380E-03
1.235000E+02 3.473140E-01   7.699572E-03
1.241000E+02 3.325136E-01   9.090837E-03
1.247000E+02 3.118741E-01   8.411752E-03
1.253000E+02 2.996984E-01   7.956915E-03
1.259000E+02 2.850532E-01   7.541917E-03
1.265000E+02 2.821401E-01   7.644501E-03
1.271000E+02 2.748003E-01   7.673148E-03
1.277000E+02 2.671025E-01   7.337453E-03
1.283000E+02 2.588401E-01   7.261763E-03
1.289000E+02 2.440660E-01   6.550355E-03
1.295000E+02 2.349725E-01   6.164722E-03
1.301000E+02 2.210845E-01   5.625397E-03
1.307000E+02 2.054511E-01   5.087946E-03
1.313000E+02 2.099515E-01   5.609006E-03
1.319000E+02 1.942058E-01   4.981281E-03
1.325000E+02 1.961611E-01   5.188656E-03
1.331000E+02 1.767860E-01   4.655889E-03
1.337000E+02 1.721752E-01   4.337346E-03
1.343000E+02 1.799195E-01   4.840552E-03
1.349000E+02 1.676423E-01   4.370034E-03
1.355000E+02 1.606709E-01   4.149286E-03
1.361000E+02 1.503451E-01   3.794189E-03
1.367000E+02 1.564902E-01   4.288127E-03
1.373000E+02 1.477962E-01   3.973881E-03
1.379000E+02 1.426231E-01   3.735704E-03
1.385000E+02 1.404004E-01   3.856003E-03
1.391000E+02 1.374583E-01   3.746196E-03
1.397000E+02 1.320854E-01   3.623918E-03
1.403000E+02 1.302803E-01   4.496477E-03
1.409000E+02 1.186782E-01   4.124756E-03
1.415000E+02 1.145394E-01   3.976345E-03
1.421000E+02 1.135499E-01   3.942052E-03
1.427000E+02 1.094166E-01   3.781654E-03
1.433000E+02 1.077474E-01   3.770970E-03
1.439000E+02 9.880488E-02   3.449956E-03
1.445000E+02 1.057272E-01   3.673042E-03
1.451000E+02 1.011776E-01   3.478319E-03
1.457000E+02 9.433359E-02   3.282492E-03
1.463000E+02 9.283703E-02   3.237070E-03
1.469000E+02 1.022678E-01   3.508660E-03
1.475000E+02 9.090283E-02   3.091250E-03
1.481000E+02 9.015316E-02   3.078483E-03
1.487000E+02 8.607511E-02   2.941187E-03
1.493000E+02 8.561534E-02   2.942086E-03
1.499000E+02 8.078483E-02   2.762349E-03
1.505000E+02 7.543241E-02   2.583773E-03
1.511000E+02 7.590057E-02   2.602026E-03
1.517000E+02 7.648024E-02   2.582833E-03
1.523000E+02 7.384125E-02   2.495176E-03
1.529000E+02 7.142412E-02   2.429588E-03
1.535000E+02 7.001217E-02   2.352995E-03
1.541000E+02 6.698933E-02   2.270867E-03
1.547000E+02 6.992634E-02   2.348762E-03
1.553000E+02 6.425794E-02   2.185521E-03
1.559000E+02 6.370629E-02   2.115373E-03
1.565000E+02 6.396333E-02   2.152162E-03
1.571000E+02 6.189876E-02   2.094834E-03
1.577000E+02 5.874638E-02   1.960885E-03
1.583000E+02 5.614444E-02   1.880904E-03
1.589000E+02 5.596855E-02   1.843794E-03
1.595000E+02 5.329336E-02   1.760012E-03
1.601000E+02 5.144901E-02   1.692009E-03
1.607000E+02 5.357980E-02   1.793173E-03
1.613000E+02 5.293184E-02   1.742013E-03
1.619000E+02 4.978943E-02   1.626045E-03
1.625000E+02 4.746079E-02   1.540277E-03
1.631000E+02 4.900666E-02   1.594245E-03
1.637000E+02 4.900853E-02   1.611720E-03
1.643000E+02 4.449594E-02   1.489815E-03
1.649000E+02 4.590013E-02   1.508310E-03
1.655000E+02 4.404518E-02   1.442680E-03
1.661000E+02 4.099474E-02   1.366179E-03
1.667000E+02 4.180243E-02   1.348438E-03
1.673000E+02 4.090560E-02   1.291161E-03
1.679000E+02 4.050593E-02   1.317720E-03
1.685000E+02 4.023701E-02   1.326908E-03
1.691000E+02 3.861621E-02   1.266233E-03
1.697000E+02 4.145929E-02   1.347414E-03
1.703000E+02 3.846707E-02   1.226756E-03
1.709000E+02 3.795368E-02   1.212944E-03
1.715000E+02 3.585974E-02   1.165983E-03
1.721000E+02 3.491161E-02   1.121659E-03
1.727000E+02 3.581028E-02   1.166049E-03
1.733000E+02 3.281856E-02   1.045513E-03
1.739000E+02 3.281620E-02   1.044088E-03
1.745000E+02 3.290071E-02   1.057297E-03
1.751000E+02 3.169790E-02   1.002011E-03
1.757000E+02 3.174344E-02   1.008288E-03
1.763000E+02 3.158759E-02   1.010998E-03
1.769000E+02 3.095046E-02   9.920741E-04
1.775000E+02 3.207857E-02   1.016036E-03
1.781000E+02 2.744998E-02   8.584398E-04
1.787000E+02 2.947259E-02   9.286663E-04
1.793000E+02 2.773674E-02   8.778791E-04
1.799000E+02 2.850715E-02   9.006997E-04
1.805000E+02 2.836619E-02   8.968593E-04
1.811000E+02 2.618762E-02   8.150816E-04
1.817000E+02 2.524223E-02   7.892596E-04
1.823000E+02 2.657996E-02   8.398037E-04
1.829000E+02 2.722062E-02   8.499803E-04
1.835000E+02 2.488401E-02   7.768182E-04
1.841000E+02 2.379674E-02   7.444668E-04
1.847000E+02 2.529089E-02   7.815495E-04
1.853000E+02 2.288369E-02   7.102607E-04
1.859000E+02 2.345826E-02   7.181333E-04
1.865000E+02 2.445860E-02   7.600332E-04
1.871000E+02 2.220060E-02   6.774830E-04
1.877000E+02 2.161898E-02   6.569625E-04
1.883000E+02 2.109760E-02   6.446178E-04
1.889000E+02 2.115939E-02   6.557801E-04
1.895000E+02 2.071158E-02   6.342527E-04
1.901000E+02 2.133012E-02   6.561643E-04
1.907000E+02 1.970154E-02   6.059394E-04
1.913000E+02 1.977559E-02   6.093073E-04
1.919000E+02 1.985843E-02   5.987179E-04
1.925000E+02 1.705689E-02   5.147552E-04
1.931000E+02 1.809671E-02   5.322613E-04
1.937000E+02 1.777649E-02   5.283128E-04
1.943000E+02 1.801125E-02   5.447580E-04
1.949000E+02 1.770200E-02   5.357818E-04
1.955000E+02 1.834880E-02   5.569697E-04
1.961000E+02 1.763637E-02   5.367283E-04
1.967000E+02 1.708377E-02   5.160451E-04
1.973000E+02 1.712858E-02   5.122220E-04
1.979000E+02 1.643334E-02   5.005940E-04
1.985000E+02 1.680562E-02   5.054374E-04
1.991000E+02 1.633231E-02   4.828274E-04
1.997000E+02 1.508855E-02   4.594494E-04
2.005000E+02 1.508459E-02   3.699416E-04
2.015000E+02 1.429083E-02   3.474384E-04
2.025000E+02 1.423884E-02   3.447427E-04
2.035000E+02 1.399768E-02   3.388239E-04
2.045000E+02 1.396974E-02   3.293856E-04
2.055000E+02 1.386681E-02   3.309436E-04
2.065000E+02 1.339139E-02   3.166166E-04
2.075000E+02 1.290861E-02   3.074377E-04
2.085000E+02 1.263415E-02   2.996618E-04
2.095000E+02 1.227890E-02   2.920890E-04
2.105000E+02 1.186378E-02   2.830171E-04
2.115000E+02 1.140936E-02   2.702813E-04
2.125000E+02 1.162364E-02   2.754611E-04
2.135000E+02 1.176631E-02   2.756204E-04
2.145000E+02 1.132753E-02   2.647063E-04
2.155000E+02 1.043703E-02   2.480743E-04
2.165000E+02 1.097179E-02   2.560672E-04
2.175000E+02 1.048399E-02   2.414061E-04
2.185000E+02 1.004104E-02   2.350384E-04
2.195000E+02 9.707565E-03   2.244152E-04
2.205000E+02 9.846023E-03   2.300402E-04
2.215000E+02 9.556381E-03   2.232995E-04
2.225000E+02 9.350168E-03   2.179891E-04
2.235000E+02 9.255849E-03   2.107404E-04
2.245000E+02 8.996111E-03   2.079552E-04
2.255000E+02 8.275548E-03   1.911873E-04
2.265000E+02 8.361075E-03   1.898770E-04
2.275000E+02 8.123179E-03   1.848578E-04
2.285000E+02 8.535309E-03   1.948942E-04
2.295000E+02 8.005477E-03   1.805580E-04
2.305000E+02 7.960583E-03   1.797886E-04
2.315000E+02 7.678745E-03   1.739226E-04
2.325000E+02 7.735296E-03   1.749167E-04
2.335000E+02 7.589863E-03   1.702283E-04
2.345000E+02 7.146122E-03   1.604083E-04
2.355000E+02 7.109315E-03   1.603069E-04
2.365000E+02 6.999291E-03   1.566948E-04
2.375000E+02 6.754701E-03   1.509207E-04
2.385000E+02 6.644916E-03   1.472440E-04
2.395000E+02 6.692324E-03   1.497740E-04
2.405000E+02 6.287244E-03   1.393918E-04
2.415000E+02 6.109323E-03   1.367631E-04
2.425000E+02 6.066838E-03   1.348159E-04
2.435000E+02 5.742386E-03   1.278520E-04
2.445000E+02 5.929078E-03   1.316633E-04
2.455000E+02 5.660735E-03   1.242830E-04
2.465000E+02 5.439533E-03   1.203054E-04
2.475000E+02 5.506355E-03   1.209427E-04
2.485000E+02 5.395051E-03   1.177411E-04
2.495000E+02 5.269692E-03   1.138279E-04
2.505000E+02 5.170921E-03   1.141502E-04
2.515000E+02 5.042325E-03   1.091815E-04
2.525000E+02 4.803173E-03   1.050794E-04
2.535000E+02 5.187979E-03   1.123498E-04
2.545000E+02 4.812350E-03   1.033424E-04
2.555000E+02 4.747475E-03   1.027054E-04
2.565000E+02 4.628124E-03   1.006628E-04
2.575000E+02 4.521111E-03   9.725289E-05
2.585000E+02 4.257385E-03   9.251931E-05
2.595000E+02 4.450229E-03   9.544812E-05
2.605000E+02 4.327497E-03   9.095019E-05
2.615000E+02 4.340310E-03   9.279388E-05
2.625000E+02 4.047951E-03   8.774521E-05
2.635000E+02 4.160805E-03   8.866042E-05
2.645000E+02 4.044043E-03   8.564063E-05
2.655000E+02 4.049111E-03   8.550132E-05
2.665000E+02 3.973779E-03   8.411135E-05
2.675000E+02 3.554136E-03   7.515014E-05
2.685000E+02 3.772116E-03   7.982674E-05
2.695000E+02 3.733185E-03   7.817545E-05
2.705000E+02 3.721252E-03   8.001290E-05
2.715000E+02 3.539691E-03   7.496290E-05
2.725000E+02 3.585246E-03   7.538545E-05
2.735000E+02 3.562386E-03   7.555772E-05
2.745000E+02 3.378289E-03   7.120065E-05
2.755000E+02 3.412232E-03   7.074677E-05
2.765000E+02 3.308332E-03   6.902480E-05
2.775000E+02 3.204299E-03   6.637282E-05
2.785000E+02 3.208547E-03   6.713972E-05
2.795000E+02 3.174805E-03   6.593647E-05
2.805000E+02 3.039068E-03   6.367753E-05
2.815000E+02 3.035647E-03   6.279711E-05
2.825000E+02 2.840887E-03   5.971348E-05
2.835000E+02 2.969456E-03   6.120351E-05
2.845000E+02 2.797316E-03   5.796631E-05
2.855000E+02 2.880888E-03   5.899795E-05
2.865000E+02 2.799355E-03   5.852182E-05
2.875000E+02 2.733215E-03   5.638358E-05
2.885000E+02 2.730900E-03   5.575815E-05
2.895000E+02 2.662137E-03   5.426856E-05
2.905000E+02 2.639095E-03   5.388558E-05
2.915000E+02 2.521786E-03   5.169960E-05
2.925000E+02 2.496053E-03   5.101023E-05
2.935000E+02 2.455963E-03   5.076430E-05
2.945000E+02 2.506828E-03   5.100919E-05
2.955000E+02 2.449857E-03   4.905730E-05
2.965000E+02 2.386047E-03   4.822209E-05
2.975000E+02 2.332043E-03   4.722070E-05
2.985000E+02 2.297442E-03   4.662525E-05
2.995000E+02 2.319897E-03   4.657038E-05
3.005000E+02 2.218985E-03   4.449965E-05
3.015000E+02 2.220670E-03   4.489467E-05
3.025000E+02 2.159905E-03   4.325074E-05
3.035000E+02 2.140852E-03   4.284681E-05
3.045000E+02 2.100175E-03   4.229296E-05
3.055000E+02 2.031886E-03   4.078177E-05
3.065000E+02 2.026126E-03   4.108368E-05
3.075000E+02 1.972199E-03   3.942021E-05
3.085000E+02 2.016581E-03   4.006682E-05
3.095000E+02 1.936148E-03   3.796254E-05
3.105000E+02 1.968880E-03   3.917352E-05
3.115000E+02 1.953762E-03   3.839474E-05
3.125000E+02 1.860713E-03   3.612191E-05
3.135000E+02 1.806273E-03   3.567743E-05
3.145000E+02 1.872550E-03   3.718615E-05
3.155000E+02 1.762136E-03   3.470557E-05
3.165000E+02 1.796436E-03   3.494817E-05
3.175000E+02 1.722194E-03   3.384569E-05
3.185000E+02 1.702757E-03   3.362490E-05
3.195000E+02 1.725239E-03   3.390298E-05
3.205000E+02 1.699907E-03   3.349121E-05
3.215000E+02 1.655484E-03   3.237768E-05
3.225000E+02 1.598671E-03   3.125590E-05
3.235000E+02 1.577775E-03   3.048883E-05
3.245000E+02 1.597394E-03   3.107771E-05
3.255000E+02 1.574004E-03   3.077573E-05
3.265000E+02 1.557289E-03   2.989408E-05
3.275000E+02 1.530328E-03   2.922708E-05
3.285000E+02 1.538709E-03   2.991355E-05
3.295000E+02 1.522425E-03   2.961453E-05
3.305000E+02 1.465847E-03   2.985606E-05
3.315000E+02 1.444448E-03   2.975254E-05
3.325000E+02 1.411145E-03   2.916291E-05
3.335000E+02 1.346166E-03   2.789459E-05
3.345000E+02 1.407764E-03   2.841881E-05
3.355000E+02 1.367554E-03   2.794438E-05
3.365000E+02 1.357470E-03   2.754898E-05
3.375000E+02 1.307282E-03   2.670451E-05
3.385000E+02 1.281447E-03   2.606811E-05
3.395000E+02 1.285841E-03   2.622545E-05
3.405000E+02 1.303365E-03   2.615036E-05
3.415000E+02 1.230405E-03   2.507724E-05
3.425000E+02 1.238074E-03   2.502388E-05
3.435000E+02 1.218562E-03   2.453363E-05
3.445000E+02 1.156481E-03   2.318610E-05
3.455000E+02 1.208808E-03   2.412330E-05
3.465000E+02 1.146679E-03   2.316350E-05
3.475000E+02 1.176797E-03   2.358695E-05
3.485000E+02 1.146110E-03   2.291558E-05
3.495000E+02 1.175344E-03   2.354929E-05
3.505000E+02 1.095486E-03   2.183434E-05
3.515000E+02 1.077872E-03   2.154017E-05
3.525000E+02 1.076970E-03   2.160730E-05
3.535000E+02 1.051265E-03   2.120050E-05
3.545000E+02 1.048669E-03   2.083780E-05
3.555000E+02 1.019726E-03   2.029131E-05
3.565000E+02 1.019180E-03   2.023795E-05
3.575000E+02 1.008535E-03   2.016808E-05
3.585000E+02 1.016767E-03   2.001701E-05
3.595000E+02 9.955296E-04   1.970023E-05
3.605000E+02 9.832271E-04   1.933759E-05
3.615000E+02 9.401383E-04   1.878445E-05
3.625000E+02 9.902357E-04   1.956827E-05
3.635000E+02 9.474415E-04   1.881237E-05
3.645000E+02 9.293275E-04   1.824455E-05
3.655000E+02 9.240809E-04   1.814453E-05
3.665000E+02 9.118894E-04   1.789209E-05
3.675000E+02 9.095534E-04   1.760081E-05
3.685000E+02 9.025057E-04   1.757035E-05
3.695000E+02 8.794279E-04   1.713368E-05
3.705000E+02 8.603323E-04   1.688407E-05
3.715000E+02 8.660844E-04   1.688865E-05
3.725000E+02 8.484163E-04   1.658127E-05
3.735000E+02 8.368014E-04   1.626027E-05
3.745000E+02 8.543183E-04   1.653132E-05
3.755000E+02 8.575784E-04   1.642345E-05
3.765000E+02 8.294980E-04   1.604945E-05
3.775000E+02 8.252744E-04   1.576510E-05
3.785000E+02 7.904408E-04   1.532795E-05
3.795000E+02 8.043860E-04   1.544240E-05
3.805000E+02 7.651463E-04   1.489001E-05
3.815000E+02 7.712536E-04   1.486808E-05
3.825000E+02 7.454111E-04   1.436798E-05
3.835000E+02 7.428956E-04   1.442942E-05
3.845000E+02 7.664366E-04   1.469142E-05
3.855000E+02 7.575499E-04   1.452119E-05
3.865000E+02 6.929908E-04   1.335464E-05
3.875000E+02 7.142287E-04   1.367837E-05
3.885000E+02 7.213620E-04   1.362914E-05
3.895000E+02 7.091916E-04   1.353475E-05
3.905000E+02 7.023447E-04   1.332863E-05
3.915000E+02 6.950172E-04   1.314687E-05
3.925000E+02 6.602556E-04   1.255589E-05
3.935000E+02 6.363070E-04   1.222993E-05
3.945000E+02 6.498219E-04   1.227223E-05
3.955000E+02 6.517095E-04   1.235158E-05
3.965000E+02 6.512325E-04   1.237250E-05
3.975000E+02 6.250104E-04   1.185325E-05
3.985000E+02 6.315516E-04   1.193437E-05
3.995000E+02 6.213628E-04   1.168751E-05
4.005000E+02 6.208839E-04   1.171827E-05
4.015000E+02 6.148897E-04   1.150171E-05
4.025000E+02 6.050690E-04   1.148363E-05
4.035000E+02 5.911290E-04   1.120199E-05
4.045000E+02 5.879783E-04   1.101786E-05
4.055000E+02 5.732862E-04   1.081255E-05
4.065000E+02 5.518783E-04   1.040834E-05
4.075000E+02 5.610855E-04   1.056952E-05
4.085000E+02 5.693137E-04   1.054412E-05
4.095000E+02 5.535930E-04   1.047263E-05
4.105000E+02 5.447488E-04   1.009643E-05
4.115000E+02 5.589130E-04   1.028238E-05
4.125000E+02 5.379282E-04   1.007957E-05
4.135000E+02 5.370875E-04   9.982810E-06
4.145000E+02 5.218221E-04   9.689921E-06
4.155000E+02 5.242665E-04   9.704702E-06
4.165000E+02 5.070233E-04   9.426558E-06
4.175000E+02 5.099961E-04   9.544410E-06
4.185000E+02 5.073938E-04   9.442208E-06
4.195000E+02 5.018155E-04   9.278819E-06
4.205000E+02 5.046118E-04   9.298475E-06
4.215000E+02 4.892153E-04   9.030699E-06
4.225000E+02 5.010191E-04   9.123364E-06
4.235000E+02 4.813711E-04   8.892980E-06
4.245000E+02 4.807056E-04   8.827602E-06
4.255000E+02 4.564597E-04   8.488733E-06
4.265000E+02 4.643453E-04   8.513266E-06
4.275000E+02 4.523870E-04   8.404532E-06
4.285000E+02 4.612623E-04   8.405507E-06
4.295000E+02 4.695694E-04   8.546979E-06
4.305000E+02 4.520542E-04   8.158603E-06
4.315000E+02 4.442572E-04   8.091707E-06
4.325000E+02 4.478503E-04   8.141583E-06
4.335000E+02 4.321038E-04   7.851622E-06
4.345000E+02 4.376773E-04   8.027796E-06
4.355000E+02 4.240381E-04   7.745343E-06
4.365000E+02 4.203937E-04   7.686800E-06
4.375000E+02 4.180440E-04   7.566190E-06
4.385000E+02 4.146374E-04   7.504642E-06
4.395000E+02 4.102925E-04   7.431229E-06
4.405000E+02 4.040242E-04   7.339631E-06
4.415000E+02 3.899813E-04   7.088885E-06
4.425000E+02 4.035276E-04   7.254864E-06
4.435000E+02 4.011583E-04   7.199332E-06
4.445000E+02 3.682603E-04   6.750859E-06
4.455000E+02 3.863909E-04   6.986194E-06
4.465000E+02 3.794261E-04   6.841921E-06
4.475000E+02 3.697821E-04   6.699658E-06
4.485000E+02 3.720342E-04   6.714159E-06
4.495000E+02 3.641896E-04   6.580089E-06
4.505000E+02 3.627656E-04   6.529810E-06
4.515000E+02 3.601350E-04   6.497516E-06
4.525000E+02 3.607284E-04   6.402337E-06
4.535000E+02 3.645569E-04   6.467776E-06
4.545000E+02 3.597262E-04   6.423743E-06
4.555000E+02 3.452475E-04   6.196291E-06
4.565000E+02 3.444162E-04   6.131147E-06
4.575000E+02 3.442558E-04   6.116654E-06
4.585000E+02 3.271561E-04   5.872210E-06
4.595000E+02 3.416340E-04   6.026768E-06
4.605000E+02 3.312786E-04   5.873822E-06
4.615000E+02 3.267795E-04   5.814346E-06
4.625000E+02 3.263203E-04   5.772977E-06
4.635000E+02 3.257943E-04   5.743187E-06
4.645000E+02 3.167851E-04   5.577270E-06
4.655000E+02 3.198196E-04   5.619666E-06
4.665000E+02 3.141102E-04   5.513139E-06
4.675000E+02 3.117538E-04   5.471347E-06
4.685000E+02 3.061382E-04   5.348536E-06
4.695000E+02 3.017769E-04   5.311969E-06
4.705000E+02 3.022586E-04   5.279783E-06
4.715000E+02 2.931363E-04   5.149287E-06
4.725000E+02 2.995687E-04   5.234197E-06
4.735000E+02 2.961271E-04   5.213932E-06
4.745000E+02 2.992418E-04   5.218282E-06
4.755000E+02 2.908146E-04   5.100709E-06
4.765000E+02 2.881011E-04   5.098593E-06
4.775000E+02 2.805052E-04   4.901007E-06
4.785000E+02 2.838490E-04   4.911100E-06
4.795000E+02 2.824629E-04   4.933559E-06
4.805000E+02 2.721132E-04   4.727240E-06
4.815000E+02 2.710583E-04   4.701112E-06
4.825000E+02 2.805666E-04   4.833968E-06
4.835000E+02 2.702344E-04   4.683978E-06
4.845000E+02 2.627159E-04   4.588895E-06
4.855000E+02 2.641700E-04   4.621386E-06
4.865000E+02 2.621417E-04   4.559459E-06
4.875000E+02 2.581661E-04   4.453728E-06
4.885000E+02 2.556841E-04   4.482506E-06
4.895000E+02 2.510772E-04   4.325546E-06
4.905000E+02 2.457364E-04   4.301707E-06
4.915000E+02 2.445210E-04   4.230685E-06
4.925000E+02 2.503523E-04   4.294364E-06
4.935000E+02 2.401043E-04   4.149134E-06
4.945000E+02 2.428127E-04   4.173428E-06
4.955000E+02 2.364760E-04   4.070183E-06
4.965000E+02 2.411017E-04   4.147223E-06
4.975000E+02 2.348070E-04   4.015659E-06
4.985000E+02 2.339354E-04   4.029440E-06
4.995000E+02 2.368120E-04   4.013978E-06
