 d,D -> G,G
x-axis: "Mass{p3+p4}]"  from 500.000000 to 1000.000000 N_bins= 300
Diff. cross section [pb/GeV]
5.008333E+02 -3.692814E-01 +/-  1.427590E-03
5.025000E+02 -3.656412E-01 +/-  1.407535E-03
5.041667E+02 -3.577528E-01 +/-  1.380026E-03
5.058333E+02 -3.554685E-01 +/-  1.364661E-03
5.075000E+02 -3.489114E-01 +/-  1.340350E-03
5.091667E+02 -3.424631E-01 +/-  1.315405E-03
5.108333E+02 -3.411948E-01 +/-  1.302483E-03
5.125000E+02 -3.327669E-01 +/-  1.275374E-03
5.141667E+02 -3.305817E-01 +/-  1.260205E-03
5.158333E+02 -3.247368E-01 +/-  1.237923E-03
5.175000E+02 -3.212417E-01 +/-  1.222277E-03
5.191667E+02 -3.163071E-01 +/-  1.201453E-03
5.208333E+02 -3.106725E-01 +/-  1.180453E-03
5.225000E+02 -3.104715E-01 +/-  1.172125E-03
5.241667E+02 -3.022015E-01 +/-  1.145113E-03
5.258333E+02 -2.993318E-01 +/-  1.131256E-03
5.275000E+02 -2.947396E-01 +/-  1.112334E-03
5.291667E+02 -2.918532E-01 +/-  1.097698E-03
5.308333E+02 -2.874976E-01 +/-  1.080938E-03
5.325000E+02 -2.822954E-01 +/-  1.062284E-03
5.341667E+02 -2.799605E-01 +/-  1.048967E-03
5.358333E+02 -2.763083E-01 +/-  1.033773E-03
5.375000E+02 -2.725323E-01 +/-  1.018430E-03
5.391667E+02 -2.693049E-01 +/-  1.004228E-03
5.408333E+02 -2.641726E-01 +/-  9.862847E-04
5.425000E+02 -2.624339E-01 +/-  9.760609E-04
5.441667E+02 -2.572156E-01 +/-  9.571285E-04
5.458333E+02 -2.547751E-01 +/-  9.453755E-04
5.475000E+02 -2.519961E-01 +/-  9.328396E-04
5.491667E+02 -2.480851E-01 +/-  9.180721E-04
5.508333E+02 -2.444719E-01 +/-  9.046987E-04
5.525000E+02 -2.415808E-01 +/-  8.914854E-04
5.541667E+02 -2.384372E-01 +/-  8.792947E-04
5.558333E+02 -2.352798E-01 +/-  8.663107E-04
5.575000E+02 -2.324817E-01 +/-  8.542372E-04
5.591667E+02 -2.286079E-01 +/-  8.402784E-04
5.608333E+02 -2.266731E-01 +/-  8.309238E-04
5.625000E+02 -2.232271E-01 +/-  8.169569E-04
5.641667E+02 -2.213999E-01 +/-  8.084557E-04
5.658333E+02 -2.173897E-01 +/-  7.943637E-04
5.675000E+02 -2.158090E-01 +/-  7.852561E-04
5.691667E+02 -2.118041E-01 +/-  7.725308E-04
5.708333E+02 -2.096362E-01 +/-  7.619503E-04
5.725000E+02 -2.072384E-01 +/-  7.518950E-04
5.741667E+02 -2.037771E-01 +/-  7.401311E-04
5.758333E+02 -2.018644E-01 +/-  7.307914E-04
5.775000E+02 -1.998592E-01 +/-  7.219751E-04
5.791667E+02 -1.958488E-01 +/-  7.093338E-04
5.808333E+02 -1.951046E-01 +/-  7.023884E-04
5.825000E+02 -1.911475E-01 +/-  6.896603E-04
5.841667E+02 -1.902381E-01 +/-  6.832848E-04
5.858333E+02 -1.876707E-01 +/-  6.736035E-04
5.875000E+02 -1.838643E-01 +/-  6.612106E-04
5.891667E+02 -1.832792E-01 +/-  6.558306E-04
5.908333E+02 -1.802086E-01 +/-  6.451690E-04
5.925000E+02 -1.774092E-01 +/-  6.351745E-04
5.941667E+02 -1.762258E-01 +/-  6.287473E-04
5.958333E+02 -1.748843E-01 +/-  6.220282E-04
5.975000E+02 -1.712075E-01 +/-  6.103861E-04
5.991667E+02 -1.695495E-01 +/-  6.032290E-04
6.008333E+02 -1.671376E-01 +/-  5.942122E-04
6.025000E+02 -1.658315E-01 +/-  5.878074E-04
6.041667E+02 -1.641487E-01 +/-  5.808274E-04
6.058333E+02 -1.611982E-01 +/-  5.710983E-04
6.075000E+02 -1.597480E-01 +/-  5.643195E-04
6.091667E+02 -1.578324E-01 +/-  5.568983E-04
6.108333E+02 -1.555946E-01 +/-  5.490104E-04
6.125000E+02 -1.544721E-01 +/-  5.429208E-04
6.141667E+02 -1.520604E-01 +/-  5.350655E-04
6.158333E+02 -1.503392E-01 +/-  5.281673E-04
6.175000E+02 -1.487269E-01 +/-  5.213239E-04
6.191667E+02 -1.467715E-01 +/-  5.146389E-04
6.208333E+02 -1.450069E-01 +/-  5.075453E-04
6.225000E+02 -1.436638E-01 +/-  5.017770E-04
6.241667E+02 -1.418026E-01 +/-  4.949994E-04
6.258333E+02 -1.399346E-01 +/-  4.880087E-04
6.275000E+02 -1.387859E-01 +/-  4.827443E-04
6.291667E+02 -1.372620E-01 +/-  4.769207E-04
6.308333E+02 -1.349456E-01 +/-  4.694539E-04
6.325000E+02 -1.337214E-01 +/-  4.639835E-04
6.341667E+02 -1.317269E-01 +/-  4.571356E-04
6.358333E+02 -1.314612E-01 +/-  4.541490E-04
6.375000E+02 -1.287182E-01 +/-  4.454334E-04
6.391667E+02 -1.278217E-01 +/-  4.413170E-04
6.408333E+02 -1.263264E-01 +/-  4.356051E-04
6.425000E+02 -1.247253E-01 +/-  4.297578E-04
6.441667E+02 -1.236917E-01 +/-  4.255290E-04
6.458333E+02 -1.220854E-01 +/-  4.192752E-04
6.475000E+02 -1.203618E-01 +/-  4.134934E-04
6.491667E+02 -1.189889E-01 +/-  4.083892E-04
6.508333E+02 -1.182075E-01 +/-  4.044510E-04
6.525000E+02 -1.167300E-01 +/-  3.991495E-04
6.541667E+02 -1.150600E-01 +/-  3.936499E-04
6.558333E+02 -1.143429E-01 +/-  3.896923E-04
6.575000E+02 -1.120068E-01 +/-  3.828398E-04
6.591667E+02 -1.119051E-01 +/-  3.803309E-04
6.608333E+02 -1.102151E-01 +/-  3.750697E-04
6.625000E+02 -1.091156E-01 +/-  3.705753E-04
6.641667E+02 -1.077140E-01 +/-  3.656690E-04
6.658333E+02 -1.066209E-01 +/-  3.614231E-04
6.675000E+02 -1.056169E-01 +/-  3.574836E-04
6.691667E+02 -1.041550E-01 +/-  3.523566E-04
6.708333E+02 -1.031876E-01 +/-  3.486739E-04
6.725000E+02 -1.019344E-01 +/-  3.440962E-04
6.741667E+02 -1.010916E-01 +/-  3.404419E-04
6.758333E+02 -9.964523E-02 +/-  3.358342E-04
6.775000E+02 -9.920624E-02 +/-  3.328854E-04
6.791667E+02 -9.728660E-02 +/-  3.274123E-04
6.808333E+02 -9.653579E-02 +/-  3.241898E-04
6.825000E+02 -9.534855E-02 +/-  3.199285E-04
6.841667E+02 -9.482549E-02 +/-  3.170657E-04
6.858333E+02 -9.355662E-02 +/-  3.129028E-04
6.875000E+02 -9.246882E-02 +/-  3.090978E-04
6.891667E+02 -9.161269E-02 +/-  3.055734E-04
6.908333E+02 -9.059673E-02 +/-  3.019741E-04
6.925000E+02 -8.957996E-02 +/-  2.983690E-04
6.941667E+02 -8.862501E-02 +/-  2.947269E-04
6.958333E+02 -8.758663E-02 +/-  2.913356E-04
6.975000E+02 -8.699932E-02 +/-  2.884327E-04
6.991667E+02 -8.563257E-02 +/-  2.843373E-04
7.008333E+02 -8.482945E-02 +/-  2.811951E-04
7.025000E+02 -8.451155E-02 +/-  2.788855E-04
7.041667E+02 -8.269057E-02 +/-  2.740797E-04
7.058333E+02 -8.250941E-02 +/-  2.721904E-04
7.075000E+02 -8.142175E-02 +/-  2.685652E-04
7.091667E+02 -8.077114E-02 +/-  2.658472E-04
7.108333E+02 -7.962883E-02 +/-  2.623570E-04
7.125000E+02 -7.894354E-02 +/-  2.595278E-04
7.141667E+02 -7.818088E-02 +/-  2.567842E-04
7.158333E+02 -7.732042E-02 +/-  2.535371E-04
7.175000E+02 -7.630178E-02 +/-  2.504199E-04
7.191667E+02 -7.571846E-02 +/-  2.478441E-04
7.208333E+02 -7.499631E-02 +/-  2.452857E-04
7.225000E+02 -7.396513E-02 +/-  2.419394E-04
7.241667E+02 -7.349909E-02 +/-  2.397818E-04
7.258333E+02 -7.266104E-02 +/-  2.369543E-04
7.275000E+02 -7.198819E-02 +/-  2.344644E-04
7.291667E+02 -7.134104E-02 +/-  2.319744E-04
7.308333E+02 -7.036102E-02 +/-  2.288768E-04
7.325000E+02 -6.977287E-02 +/-  2.265703E-04
7.341667E+02 -6.908400E-02 +/-  2.240675E-04
7.358333E+02 -6.830617E-02 +/-  2.214237E-04
7.375000E+02 -6.777261E-02 +/-  2.192613E-04
7.391667E+02 -6.683985E-02 +/-  2.163992E-04
7.408333E+02 -6.643913E-02 +/-  2.145557E-04
7.425000E+02 -6.558497E-02 +/-  2.118056E-04
7.441667E+02 -6.519621E-02 +/-  2.099238E-04
7.458333E+02 -6.423239E-02 +/-  2.071254E-04
7.475000E+02 -6.368895E-02 +/-  2.049778E-04
7.491667E+02 -6.300555E-02 +/-  2.026906E-04
7.508333E+02 -6.230093E-02 +/-  2.002802E-04
7.525000E+02 -6.197349E-02 +/-  1.986575E-04
7.541667E+02 -6.126431E-02 +/-  1.962811E-04
7.558333E+02 -6.063410E-02 +/-  1.942699E-04
7.575000E+02 -5.996823E-02 +/-  1.918361E-04
7.591667E+02 -5.942800E-02 +/-  1.899633E-04
7.608333E+02 -5.895601E-02 +/-  1.880855E-04
7.625000E+02 -5.816292E-02 +/-  1.857397E-04
7.641667E+02 -5.781640E-02 +/-  1.841167E-04
7.658333E+02 -5.723370E-02 +/-  1.821407E-04
7.675000E+02 -5.649389E-02 +/-  1.797721E-04
7.691667E+02 -5.598553E-02 +/-  1.779152E-04
7.708333E+02 -5.548681E-02 +/-  1.761696E-04
7.725000E+02 -5.525278E-02 +/-  1.749001E-04
7.741667E+02 -5.424399E-02 +/-  1.720829E-04
7.758333E+02 -5.378784E-02 +/-  1.704895E-04
7.775000E+02 -5.336418E-02 +/-  1.687293E-04
7.791667E+02 -5.300198E-02 +/-  1.673243E-04
7.808333E+02 -5.220378E-02 +/-  1.649795E-04
7.825000E+02 -5.194401E-02 +/-  1.637270E-04
7.841667E+02 -5.167358E-02 +/-  1.623771E-04
7.858333E+02 -5.072608E-02 +/-  1.598409E-04
7.875000E+02 -5.031163E-02 +/-  1.583898E-04
7.891667E+02 -5.003873E-02 +/-  1.571288E-04
7.908333E+02 -4.932860E-02 +/-  1.549168E-04
7.925000E+02 -4.910343E-02 +/-  1.538486E-04
7.941667E+02 -4.843445E-02 +/-  1.518169E-04
7.958333E+02 -4.804582E-02 +/-  1.503764E-04
7.975000E+02 -4.763153E-02 +/-  1.489459E-04
7.991667E+02 -4.720226E-02 +/-  1.474248E-04
8.008333E+02 -4.660036E-02 +/-  1.455727E-04
8.025000E+02 -4.635216E-02 +/-  1.444933E-04
8.041667E+02 -4.583539E-02 +/-  1.428440E-04
8.058333E+02 -4.547512E-02 +/-  1.414750E-04
8.075000E+02 -4.501643E-02 +/-  1.399897E-04
8.091667E+02 -4.462331E-02 +/-  1.385905E-04
8.108333E+02 -4.408181E-02 +/-  1.369544E-04
8.125000E+02 -4.384419E-02 +/-  1.358981E-04
8.141667E+02 -4.339160E-02 +/-  1.344203E-04
8.158333E+02 -4.282990E-02 +/-  1.327699E-04
8.175000E+02 -4.268004E-02 +/-  1.318705E-04
8.191667E+02 -4.211463E-02 +/-  1.302530E-04
8.208333E+02 -4.177518E-02 +/-  1.289790E-04
8.225000E+02 -4.145039E-02 +/-  1.277808E-04
8.241667E+02 -4.100271E-02 +/-  1.264525E-04
8.258333E+02 -4.072600E-02 +/-  1.252807E-04
8.275000E+02 -4.023182E-02 +/-  1.238519E-04
8.291667E+02 -4.004346E-02 +/-  1.229316E-04
8.308333E+02 -3.946604E-02 +/-  1.213274E-04
8.325000E+02 -3.919514E-02 +/-  1.202606E-04
8.341667E+02 -3.878569E-02 +/-  1.190037E-04
8.358333E+02 -3.857073E-02 +/-  1.180382E-04
8.375000E+02 -3.812886E-02 +/-  1.166866E-04
8.391667E+02 -3.789551E-02 +/-  1.157815E-04
8.408333E+02 -3.735727E-02 +/-  1.142703E-04
8.425000E+02 -3.718723E-02 +/-  1.134066E-04
8.441667E+02 -3.688664E-02 +/-  1.123645E-04
8.458333E+02 -3.641521E-02 +/-  1.110306E-04
8.475000E+02 -3.606865E-02 +/-  1.099279E-04
8.491667E+02 -3.588236E-02 +/-  1.090427E-04
8.508333E+02 -3.545660E-02 +/-  1.078286E-04
8.525000E+02 -3.519686E-02 +/-  1.068707E-04
8.541667E+02 -3.490281E-02 +/-  1.058645E-04
8.558333E+02 -3.460702E-02 +/-  1.048812E-04
8.575000E+02 -3.423030E-02 +/-  1.036901E-04
8.591667E+02 -3.389048E-02 +/-  1.026716E-04
8.608333E+02 -3.370049E-02 +/-  1.018230E-04
8.625000E+02 -3.344524E-02 +/-  1.009011E-04
8.641667E+02 -3.304714E-02 +/-  9.983033E-05
8.658333E+02 -3.281664E-02 +/-  9.891636E-05
8.675000E+02 -3.257698E-02 +/-  9.806398E-05
8.691667E+02 -3.219712E-02 +/-  9.697079E-05
8.708333E+02 -3.194252E-02 +/-  9.607641E-05
8.725000E+02 -3.161235E-02 +/-  9.509678E-05
8.741667E+02 -3.139379E-02 +/-  9.427096E-05
8.758333E+02 -3.111918E-02 +/-  9.337864E-05
8.775000E+02 -3.084977E-02 +/-  9.247846E-05
8.791667E+02 -3.052107E-02 +/-  9.152155E-05
8.808333E+02 -3.042256E-02 +/-  9.089021E-05
8.825000E+02 -2.994645E-02 +/-  8.970714E-05
8.841667E+02 -2.981919E-02 +/-  8.908891E-05
8.858333E+02 -2.957914E-02 +/-  8.827327E-05
8.875000E+02 -2.925542E-02 +/-  8.731454E-05
8.891667E+02 -2.906727E-02 +/-  8.660704E-05
8.908333E+02 -2.876085E-02 +/-  8.569315E-05
8.925000E+02 -2.861136E-02 +/-  8.505700E-05
8.941667E+02 -2.823434E-02 +/-  8.404253E-05
8.958333E+02 -2.804035E-02 +/-  8.335819E-05
8.975000E+02 -2.790076E-02 +/-  8.270775E-05
8.991667E+02 -2.753878E-02 +/-  8.175596E-05
9.008333E+02 -2.740267E-02 +/-  8.116035E-05
9.025000E+02 -2.708769E-02 +/-  8.026871E-05
9.041667E+02 -2.692662E-02 +/-  7.962534E-05
9.058333E+02 -2.664463E-02 +/-  7.881324E-05
9.075000E+02 -2.643486E-02 +/-  7.812046E-05
9.091667E+02 -2.624559E-02 +/-  7.745523E-05
9.108333E+02 -2.605303E-02 +/-  7.679325E-05
9.125000E+02 -2.571795E-02 +/-  7.585900E-05
9.141667E+02 -2.558225E-02 +/-  7.531259E-05
9.158333E+02 -2.538340E-02 +/-  7.469242E-05
9.175000E+02 -2.513461E-02 +/-  7.390875E-05
9.191667E+02 -2.489272E-02 +/-  7.319173E-05
9.208333E+02 -2.480837E-02 +/-  7.271146E-05
9.225000E+02 -2.450565E-02 +/-  7.192987E-05
9.241667E+02 -2.434493E-02 +/-  7.132383E-05
9.258333E+02 -2.409630E-02 +/-  7.060208E-05
9.275000E+02 -2.389711E-02 +/-  6.995909E-05
9.291667E+02 -2.373324E-02 +/-  6.940303E-05
9.308333E+02 -2.354796E-02 +/-  6.876674E-05
9.325000E+02 -2.331586E-02 +/-  6.809939E-05
9.341667E+02 -2.320683E-02 +/-  6.763865E-05
9.358333E+02 -2.288546E-02 +/-  6.681199E-05
9.375000E+02 -2.276768E-02 +/-  6.630717E-05
9.391667E+02 -2.261073E-02 +/-  6.579337E-05
9.408333E+02 -2.241650E-02 +/-  6.516798E-05
9.425000E+02 -2.221746E-02 +/-  6.454563E-05
9.441667E+02 -2.203140E-02 +/-  6.400271E-05
9.458333E+02 -2.193157E-02 +/-  6.351765E-05
9.475000E+02 -2.163146E-02 +/-  6.278949E-05
9.491667E+02 -2.149602E-02 +/-  6.229198E-05
9.508333E+02 -2.134264E-02 +/-  6.176959E-05
9.525000E+02 -2.122707E-02 +/-  6.132965E-05
9.541667E+02 -2.096141E-02 +/-  6.062818E-05
9.558333E+02 -2.078762E-02 +/-  6.008101E-05
9.575000E+02 -2.062996E-02 +/-  5.958343E-05
9.591667E+02 -2.052013E-02 +/-  5.911849E-05
9.608333E+02 -2.034056E-02 +/-  5.860843E-05
9.625000E+02 -2.015003E-02 +/-  5.804674E-05
9.641667E+02 -2.002499E-02 +/-  5.758551E-05
9.658333E+02 -1.985578E-02 +/-  5.706737E-05
9.675000E+02 -1.967867E-02 +/-  5.656869E-05
9.691667E+02 -1.949530E-02 +/-  5.600273E-05
9.708333E+02 -1.939291E-02 +/-  5.560842E-05
9.725000E+02 -1.922768E-02 +/-  5.509775E-05
9.741667E+02 -1.908856E-02 +/-  5.466792E-05
9.758333E+02 -1.890490E-02 +/-  5.413897E-05
9.775000E+02 -1.874043E-02 +/-  5.363264E-05
9.791667E+02 -1.864581E-02 +/-  5.327199E-05
9.808333E+02 -1.844867E-02 +/-  5.271924E-05
9.825000E+02 -1.836902E-02 +/-  5.238113E-05
9.841667E+02 -1.814507E-02 +/-  5.180438E-05
9.858333E+02 -1.804917E-02 +/-  5.142794E-05
9.875000E+02 -1.792778E-02 +/-  5.101542E-05
9.891667E+02 -1.773404E-02 +/-  5.049519E-05
9.908333E+02 -1.765070E-02 +/-  5.017395E-05
9.925000E+02 -1.746360E-02 +/-  4.963896E-05
9.941667E+02 -1.737833E-02 +/-  4.930840E-05
9.958333E+02 -1.723071E-02 +/-  4.888082E-05
9.975000E+02 -1.705653E-02 +/-  4.839258E-05
9.991667E+02 -1.695579E-02 +/-  4.804269E-05
