 u,U -> u,U
x-axis: "Mass{p3+p4}]"  from 20.000000 to 200.000000 N_bins= 300
Diff. cross section [pb/GeV]
2.030000E+01 2.336857E+03 +/-  1.084361E+01
2.090000E+01 2.096745E+03 +/-  1.063745E+01
2.150000E+01 1.890017E+03 +/-  1.037760E+01
2.210000E+01 1.706545E+03 +/-  1.002132E+01
2.270000E+01 1.523850E+03 +/-  6.161524E+00
2.330000E+01 1.385250E+03 +/-  6.296361E+00
2.390000E+01 1.269041E+03 +/-  6.879938E+00
2.450000E+01 1.163722E+03 +/-  6.736242E+00
2.510000E+01 1.056490E+03 +/-  5.340751E+00
2.570000E+01 9.603669E+02 +/-  4.509001E+00
2.630000E+01 8.810558E+02 +/-  4.397527E+00
2.690000E+01 8.118251E+02 +/-  4.053107E+00
2.750000E+01 7.464053E+02 +/-  3.854446E+00
2.810000E+01 6.912847E+02 +/-  4.068556E+00
2.870000E+01 6.369290E+02 +/-  3.731906E+00
2.930000E+01 5.885692E+02 +/-  3.141098E+00
2.990000E+01 5.463066E+02 +/-  3.250052E+00
3.050000E+01 5.090733E+02 +/-  3.173579E+00
3.110000E+01 4.726719E+02 +/-  2.854009E+00
3.170000E+01 4.407496E+02 +/-  2.703547E+00
3.230000E+01 4.122284E+02 +/-  2.928238E+00
3.290000E+01 3.807220E+02 +/-  2.268725E+00
3.350000E+01 3.544111E+02 +/-  2.236274E+00
3.410000E+01 3.370780E+02 +/-  2.215849E+00
3.470000E+01 3.154194E+02 +/-  2.243522E+00
3.530000E+01 2.933816E+02 +/-  2.005683E+00
3.590000E+01 2.782219E+02 +/-  2.164984E+00
3.650000E+01 2.590584E+02 +/-  1.873092E+00
3.710000E+01 2.445673E+02 +/-  1.817831E+00
3.770000E+01 2.325234E+02 +/-  1.855135E+00
3.830000E+01 2.176639E+02 +/-  1.642982E+00
3.890000E+01 2.032415E+02 +/-  1.631227E+00
3.950000E+01 1.935661E+02 +/-  1.549168E+00
4.010000E+01 1.817868E+02 +/-  1.510219E+00
4.070000E+01 1.734523E+02 +/-  1.552257E+00
4.130000E+01 1.638654E+02 +/-  1.492932E+00
4.190000E+01 1.557932E+02 +/-  1.419576E+00
4.250000E+01 1.477373E+02 +/-  1.306865E+00
4.310000E+01 1.388795E+02 +/-  1.322297E+00
4.370000E+01 1.311556E+02 +/-  1.265950E+00
4.430000E+01 1.274036E+02 +/-  1.232040E+00
4.490000E+01 1.191768E+02 +/-  1.139748E+00
4.550000E+01 1.148132E+02 +/-  1.191554E+00
4.610000E+01 1.082995E+02 +/-  1.235416E+00
4.670000E+01 1.041583E+02 +/-  1.207829E+00
4.730000E+01 9.953800E+01 +/-  1.141669E+00
4.790000E+01 9.406258E+01 +/-  1.072863E+00
4.850000E+01 9.006327E+01 +/-  1.009785E+00
4.910000E+01 8.696567E+01 +/-  1.017389E+00
4.970000E+01 8.176387E+01 +/-  9.913387E-01
5.030000E+01 7.926565E+01 +/-  9.691379E-01
5.090000E+01 7.341834E+01 +/-  9.162930E-01
5.150000E+01 7.075198E+01 +/-  8.647526E-01
5.210000E+01 6.875480E+01 +/-  8.452303E-01
5.270000E+01 6.652075E+01 +/-  8.163677E-01
5.330000E+01 6.284235E+01 +/-  7.974331E-01
5.390000E+01 6.057112E+01 +/-  8.446291E-01
5.450000E+01 6.017755E+01 +/-  9.855174E-01
5.510000E+01 5.531390E+01 +/-  9.394697E-01
5.570000E+01 5.481806E+01 +/-  9.252777E-01
5.630000E+01 5.319548E+01 +/-  8.888092E-01
5.690000E+01 5.013641E+01 +/-  8.541157E-01
5.750000E+01 4.782688E+01 +/-  8.211426E-01
5.810000E+01 4.588041E+01 +/-  7.772820E-01
5.870000E+01 4.226843E+01 +/-  7.135615E-01
5.930000E+01 4.261607E+01 +/-  7.177188E-01
5.990000E+01 4.103405E+01 +/-  6.865603E-01
6.050000E+01 3.965904E+01 +/-  6.651424E-01
6.110000E+01 3.942560E+01 +/-  6.816018E-01
6.170000E+01 3.595004E+01 +/-  6.221772E-01
6.230000E+01 3.609689E+01 +/-  6.293119E-01
6.290000E+01 3.456650E+01 +/-  6.023461E-01
6.350000E+01 3.263167E+01 +/-  5.962781E-01
6.410000E+01 3.157814E+01 +/-  5.781174E-01
6.470000E+01 3.027023E+01 +/-  5.479888E-01
6.530000E+01 3.058844E+01 +/-  5.595532E-01
6.590000E+01 3.001362E+01 +/-  5.456318E-01
6.650000E+01 2.734283E+01 +/-  4.932383E-01
6.710000E+01 2.725217E+01 +/-  4.896138E-01
6.770000E+01 2.554737E+01 +/-  4.632147E-01
6.830000E+01 2.530061E+01 +/-  4.499858E-01
6.890000E+01 2.511243E+01 +/-  4.452741E-01
6.950000E+01 2.346066E+01 +/-  4.184043E-01
7.010000E+01 2.210401E+01 +/-  4.017099E-01
7.070000E+01 2.196668E+01 +/-  4.087842E-01
7.130000E+01 2.204275E+01 +/-  5.905191E-01
7.190000E+01 2.139946E+01 +/-  5.818739E-01
7.250000E+01 2.079174E+01 +/-  6.760399E-01
7.310000E+01 1.979916E+01 +/-  7.527735E-01
7.370000E+01 1.926553E+01 +/-  7.865728E-01
7.430000E+01 1.852414E+01 +/-  7.125357E-01
7.490000E+01 1.697844E+01 +/-  7.030412E-01
7.550000E+01 1.655415E+01 +/-  6.769435E-01
7.610000E+01 1.695388E+01 +/-  6.827783E-01
7.670000E+01 1.739776E+01 +/-  7.208370E-01
7.730000E+01 1.546198E+01 +/-  6.695850E-01
7.790000E+01 1.556440E+01 +/-  6.176263E-01
7.850000E+01 1.416357E+01 +/-  5.801543E-01
7.910000E+01 1.415003E+01 +/-  5.700536E-01
7.970000E+01 1.474550E+01 +/-  6.262578E-01
8.030000E+01 1.350483E+01 +/-  5.306540E-01
8.090000E+01 1.371443E+01 +/-  5.540806E-01
8.150000E+01 1.337216E+01 +/-  5.537380E-01
8.210000E+01 1.176053E+01 +/-  4.783463E-01
8.270000E+01 1.198406E+01 +/-  4.837323E-01
8.330000E+01 1.225888E+01 +/-  4.525881E-01
8.390000E+01 1.182796E+01 +/-  4.635482E-01
8.450000E+01 1.147110E+01 +/-  4.658220E-01
8.510000E+01 1.079616E+01 +/-  4.118955E-01
8.570000E+01 1.021483E+01 +/-  3.878310E-01
8.630000E+01 1.051771E+01 +/-  4.344058E-01
8.690000E+01 9.668274E+00 +/-  3.781818E-01
8.750000E+01 1.020769E+01 +/-  4.014835E-01
8.810000E+01 9.714646E+00 +/-  3.559706E-01
8.870000E+01 9.809282E+00 +/-  3.934545E-01
8.930000E+01 9.489320E+00 +/-  3.620205E-01
8.990000E+01 9.113361E+00 +/-  3.694370E-01
9.050000E+01 8.974382E+00 +/-  3.413170E-01
9.110000E+01 8.866006E+00 +/-  3.417446E-01
9.170000E+01 8.577299E+00 +/-  3.221004E-01
9.230000E+01 8.043190E+00 +/-  3.117150E-01
9.290000E+01 8.095199E+00 +/-  3.073835E-01
9.350000E+01 7.886142E+00 +/-  3.053665E-01
9.410000E+01 8.265350E+00 +/-  3.244151E-01
9.470000E+01 8.230039E+00 +/-  2.989804E-01
9.530000E+01 7.157793E+00 +/-  2.831101E-01
9.590000E+01 7.228781E+00 +/-  2.744440E-01
9.650000E+01 7.420530E+00 +/-  2.871181E-01
9.710000E+01 7.022705E+00 +/-  2.630398E-01
9.770000E+01 6.583874E+00 +/-  2.422854E-01
9.830000E+01 6.309505E+00 +/-  2.427944E-01
9.890000E+01 6.959209E+00 +/-  2.585104E-01
9.950000E+01 6.472867E+00 +/-  2.540227E-01
1.001000E+02 5.974468E+00 +/-  2.265871E-01
1.007000E+02 6.197024E+00 +/-  2.287774E-01
1.013000E+02 5.737554E+00 +/-  2.188486E-01
1.019000E+02 5.601221E+00 +/-  2.248890E-01
1.025000E+02 5.170524E+00 +/-  1.967819E-01
1.031000E+02 5.623924E+00 +/-  2.303790E-01
1.037000E+02 5.010071E+00 +/-  2.065009E-01
1.043000E+02 5.179530E+00 +/-  2.074348E-01
1.049000E+02 5.567376E+00 +/-  2.460091E-01
1.055000E+02 4.885909E+00 +/-  1.894698E-01
1.061000E+02 4.954675E+00 +/-  2.010325E-01
1.067000E+02 4.604129E+00 +/-  1.964898E-01
1.073000E+02 4.699312E+00 +/-  2.039785E-01
1.079000E+02 4.562164E+00 +/-  1.951487E-01
1.085000E+02 4.751014E+00 +/-  2.180782E-01
1.091000E+02 4.520718E+00 +/-  1.978232E-01
1.097000E+02 4.033669E+00 +/-  2.299927E-01
1.103000E+02 4.384099E+00 +/-  2.478515E-01
1.109000E+02 4.122146E+00 +/-  2.283433E-01
1.115000E+02 3.844746E+00 +/-  1.894858E-01
1.121000E+02 3.820744E+00 +/-  1.843082E-01
1.127000E+02 4.136726E+00 +/-  2.279919E-01
1.133000E+02 3.920851E+00 +/-  1.734978E-01
1.139000E+02 4.076415E+00 +/-  2.125281E-01
1.145000E+02 3.545582E+00 +/-  1.717382E-01
1.151000E+02 3.367051E+00 +/-  1.679786E-01
1.157000E+02 3.679088E+00 +/-  1.747088E-01
1.163000E+02 3.388720E+00 +/-  2.115126E-01
1.169000E+02 3.630474E+00 +/-  2.364757E-01
1.175000E+02 3.345832E+00 +/-  2.176041E-01
1.181000E+02 3.202448E+00 +/-  2.020690E-01
1.187000E+02 3.455554E+00 +/-  2.643077E-01
1.193000E+02 3.276260E+00 +/-  2.110410E-01
1.199000E+02 2.847041E+00 +/-  1.839737E-01
1.205000E+02 2.712679E+00 +/-  2.099102E-01
1.211000E+02 3.098293E+00 +/-  1.961635E-01
1.217000E+02 3.009440E+00 +/-  1.993583E-01
1.223000E+02 2.901872E+00 +/-  1.915781E-01
1.229000E+02 2.913500E+00 +/-  2.074645E-01
1.235000E+02 2.989689E+00 +/-  1.855064E-01
1.241000E+02 2.834809E+00 +/-  1.754881E-01
1.247000E+02 2.719569E+00 +/-  1.787130E-01
1.253000E+02 2.532513E+00 +/-  1.660573E-01
1.259000E+02 2.693661E+00 +/-  1.771838E-01
1.265000E+02 2.543779E+00 +/-  1.613926E-01
1.271000E+02 2.745214E+00 +/-  1.745207E-01
1.277000E+02 2.759811E+00 +/-  1.793809E-01
1.283000E+02 2.547705E+00 +/-  1.695374E-01
1.289000E+02 2.240914E+00 +/-  1.411210E-01
1.295000E+02 2.350475E+00 +/-  1.513254E-01
1.301000E+02 2.156820E+00 +/-  1.352619E-01
1.307000E+02 2.235797E+00 +/-  1.472472E-01
1.313000E+02 2.120385E+00 +/-  1.366436E-01
1.319000E+02 2.243137E+00 +/-  1.433135E-01
1.325000E+02 2.207314E+00 +/-  1.498485E-01
1.331000E+02 2.054599E+00 +/-  1.267964E-01
1.337000E+02 2.234942E+00 +/-  1.550881E-01
1.343000E+02 2.005671E+00 +/-  1.358872E-01
1.349000E+02 1.997405E+00 +/-  1.351994E-01
1.355000E+02 1.935524E+00 +/-  1.259357E-01
1.361000E+02 2.062319E+00 +/-  1.277573E-01
1.367000E+02 1.876957E+00 +/-  1.208473E-01
1.373000E+02 2.038862E+00 +/-  1.258594E-01
1.379000E+02 1.673533E+00 +/-  1.001866E-01
1.385000E+02 1.711400E+00 +/-  1.150249E-01
1.391000E+02 1.846271E+00 +/-  1.185677E-01
1.397000E+02 1.782441E+00 +/-  1.140344E-01
1.403000E+02 1.780400E+00 +/-  1.144047E-01
1.409000E+02 1.781009E+00 +/-  1.099838E-01
1.415000E+02 1.862557E+00 +/-  1.215217E-01
1.421000E+02 1.664353E+00 +/-  1.025267E-01
1.427000E+02 1.690739E+00 +/-  1.113715E-01
1.433000E+02 1.742944E+00 +/-  1.047088E-01
1.439000E+02 1.542398E+00 +/-  9.358895E-02
1.445000E+02 1.428328E+00 +/-  9.317671E-02
1.451000E+02 1.599828E+00 +/-  1.000875E-01
1.457000E+02 1.505308E+00 +/-  1.006913E-01
1.463000E+02 1.510591E+00 +/-  9.522971E-02
1.469000E+02 1.375363E+00 +/-  8.443706E-02
1.475000E+02 1.626672E+00 +/-  1.130805E-01
1.481000E+02 1.548836E+00 +/-  1.008031E-01
1.487000E+02 1.299806E+00 +/-  8.079813E-02
1.493000E+02 1.329959E+00 +/-  8.717811E-02
1.499000E+02 1.382078E+00 +/-  9.360949E-02
1.505000E+02 1.425037E+00 +/-  8.797528E-02
1.511000E+02 1.223252E+00 +/-  7.614324E-02
1.517000E+02 1.133109E+00 +/-  6.864327E-02
1.523000E+02 1.271670E+00 +/-  7.911415E-02
1.529000E+02 1.230635E+00 +/-  7.722214E-02
1.535000E+02 1.318485E+00 +/-  7.791137E-02
1.541000E+02 1.175127E+00 +/-  7.403332E-02
1.547000E+02 1.057541E+00 +/-  6.606565E-02
1.553000E+02 1.161057E+00 +/-  7.636408E-02
1.559000E+02 1.235195E+00 +/-  7.298625E-02
1.565000E+02 1.219648E+00 +/-  7.347491E-02
1.571000E+02 1.138980E+00 +/-  7.204841E-02
1.577000E+02 1.169826E+00 +/-  7.075448E-02
1.583000E+02 1.145516E+00 +/-  6.843375E-02
1.589000E+02 1.138159E+00 +/-  6.855679E-02
1.595000E+02 1.110129E+00 +/-  6.883795E-02
1.601000E+02 1.118634E+00 +/-  6.793210E-02
1.607000E+02 1.030265E+00 +/-  6.086342E-02
1.613000E+02 9.361343E-01 +/-  5.956124E-02
1.619000E+02 1.077694E+00 +/-  6.489306E-02
1.625000E+02 9.416812E-01 +/-  5.901194E-02
1.631000E+02 9.839136E-01 +/-  5.872061E-02
1.637000E+02 9.703217E-01 +/-  6.024662E-02
1.643000E+02 9.323882E-01 +/-  5.701920E-02
1.649000E+02 9.082972E-01 +/-  5.407582E-02
1.655000E+02 8.550373E-01 +/-  5.664675E-02
1.661000E+02 9.560707E-01 +/-  5.855328E-02
1.667000E+02 1.018397E+00 +/-  6.450916E-02
1.673000E+02 8.839325E-01 +/-  5.410535E-02
1.679000E+02 9.154302E-01 +/-  5.254820E-02
1.685000E+02 9.031995E-01 +/-  5.471365E-02
1.691000E+02 8.390795E-01 +/-  5.222865E-02
1.697000E+02 8.352068E-01 +/-  5.090984E-02
1.703000E+02 8.904143E-01 +/-  5.248436E-02
1.709000E+02 7.445237E-01 +/-  4.722096E-02
1.715000E+02 8.235115E-01 +/-  4.720110E-02
1.721000E+02 8.222668E-01 +/-  5.118340E-02
1.727000E+02 8.391394E-01 +/-  4.934307E-02
1.733000E+02 8.170002E-01 +/-  4.530869E-02
1.739000E+02 7.925930E-01 +/-  4.715332E-02
1.745000E+02 7.776577E-01 +/-  4.597896E-02
1.751000E+02 8.289121E-01 +/-  5.099572E-02
1.757000E+02 7.354389E-01 +/-  4.566876E-02
1.763000E+02 6.913598E-01 +/-  4.099951E-02
1.769000E+02 7.547824E-01 +/-  4.161998E-02
1.775000E+02 6.845115E-01 +/-  3.892546E-02
1.781000E+02 6.646725E-01 +/-  3.887659E-02
1.787000E+02 6.757140E-01 +/-  4.042922E-02
1.793000E+02 7.162112E-01 +/-  4.158383E-02
1.799000E+02 7.503981E-01 +/-  4.297056E-02
1.805000E+02 6.629685E-01 +/-  4.034420E-02
1.811000E+02 6.970531E-01 +/-  4.285776E-02
1.817000E+02 6.961546E-01 +/-  4.134997E-02
1.823000E+02 7.048683E-01 +/-  4.221439E-02
1.829000E+02 6.726526E-01 +/-  3.763074E-02
1.835000E+02 6.312194E-01 +/-  3.724992E-02
1.841000E+02 6.445115E-01 +/-  3.966531E-02
1.847000E+02 5.977968E-01 +/-  3.333767E-02
1.853000E+02 6.321041E-01 +/-  3.643311E-02
1.859000E+02 6.012836E-01 +/-  3.517926E-02
1.865000E+02 5.817479E-01 +/-  3.193790E-02
1.871000E+02 5.359265E-01 +/-  3.054803E-02
1.877000E+02 6.051432E-01 +/-  3.525538E-02
1.883000E+02 5.795041E-01 +/-  3.437252E-02
1.889000E+02 5.321570E-01 +/-  3.121190E-02
1.895000E+02 5.577190E-01 +/-  3.126872E-02
1.901000E+02 6.210147E-01 +/-  3.477626E-02
1.907000E+02 4.960376E-01 +/-  2.783761E-02
1.913000E+02 5.501988E-01 +/-  3.286690E-02
1.919000E+02 5.688928E-01 +/-  3.347129E-02
1.925000E+02 5.096450E-01 +/-  2.951104E-02
1.931000E+02 5.487727E-01 +/-  3.315924E-02
1.937000E+02 4.754296E-01 +/-  2.674431E-02
1.943000E+02 5.671022E-01 +/-  3.283384E-02
1.949000E+02 5.185109E-01 +/-  2.965725E-02
1.955000E+02 4.901783E-01 +/-  2.942301E-02
1.961000E+02 5.052911E-01 +/-  3.094089E-02
1.967000E+02 5.022803E-01 +/-  2.925382E-02
1.973000E+02 5.013598E-01 +/-  3.033326E-02
1.979000E+02 4.913723E-01 +/-  3.110977E-02
1.985000E+02 4.646120E-01 +/-  2.573991E-02
1.991000E+02 4.354622E-01 +/-  2.695246E-02
1.997000E+02 4.943790E-01 +/-  2.795752E-02
