 u,U -> G,G
x-axis: "Mass{p3+p4}$"  from 200.000000 to 500.000000 N_bins= 300
Diff. cross section [pb/GeV]
2.005000E+02 -2.172063E+01 +/-  7.052263E-02
2.015000E+02 -2.128045E+01 +/-  6.892857E-02
2.025000E+02 -2.082776E+01 +/-  6.734307E-02
2.035000E+02 -2.043375E+01 +/-  6.586045E-02
2.045000E+02 -2.025374E+01 +/-  6.481531E-02
2.055000E+02 -1.971555E+01 +/-  6.318500E-02
2.065000E+02 -1.936614E+01 +/-  6.181866E-02
2.075000E+02 -1.907651E+01 +/-  6.067247E-02
2.085000E+02 -1.874679E+01 +/-  5.940878E-02
2.095000E+02 -1.837941E+01 +/-  5.808896E-02
2.105000E+02 -1.802281E+01 +/-  5.686377E-02
2.115000E+02 -1.769239E+01 +/-  5.566489E-02
2.125000E+02 -1.748477E+01 +/-  5.472446E-02
2.135000E+02 -1.705221E+01 +/-  5.338433E-02
2.145000E+02 -1.683212E+01 +/-  5.242138E-02
2.155000E+02 -1.654225E+01 +/-  5.138767E-02
2.165000E+02 -1.617796E+01 +/-  5.018050E-02
2.175000E+02 -1.596046E+01 +/-  4.933098E-02
2.185000E+02 -1.570631E+01 +/-  4.836443E-02
2.195000E+02 -1.540079E+01 +/-  4.734898E-02
2.205000E+02 -1.514493E+01 +/-  4.638033E-02
2.215000E+02 -1.490214E+01 +/-  4.553088E-02
2.225000E+02 -1.458387E+01 +/-  4.451628E-02
2.235000E+02 -1.432658E+01 +/-  4.361773E-02
2.245000E+02 -1.415476E+01 +/-  4.289164E-02
2.255000E+02 -1.391851E+01 +/-  4.205413E-02
2.265000E+02 -1.364040E+01 +/-  4.118079E-02
2.275000E+02 -1.343467E+01 +/-  4.041159E-02
2.285000E+02 -1.320379E+01 +/-  3.962947E-02
2.295000E+02 -1.298731E+01 +/-  3.886291E-02
2.305000E+02 -1.276615E+01 +/-  3.809362E-02
2.315000E+02 -1.257265E+01 +/-  3.744239E-02
2.325000E+02 -1.234722E+01 +/-  3.668210E-02
2.335000E+02 -1.213591E+01 +/-  3.598420E-02
2.345000E+02 -1.197495E+01 +/-  3.537001E-02
2.355000E+02 -1.174015E+01 +/-  3.461606E-02
2.365000E+02 -1.157682E+01 +/-  3.402994E-02
2.375000E+02 -1.132746E+01 +/-  3.328207E-02
2.385000E+02 -1.120426E+01 +/-  3.279084E-02
2.395000E+02 -1.098638E+01 +/-  3.210725E-02
2.405000E+02 -1.082696E+01 +/-  3.153616E-02
2.415000E+02 -1.067365E+01 +/-  3.100055E-02
2.425000E+02 -1.050803E+01 +/-  3.044813E-02
2.435000E+02 -1.031870E+01 +/-  2.984292E-02
2.445000E+02 -1.016046E+01 +/-  2.932233E-02
2.455000E+02 -9.984165E+00 +/-  2.875562E-02
2.465000E+02 -9.846179E+00 +/-  2.826769E-02
2.475000E+02 -9.666313E+00 +/-  2.773940E-02
2.485000E+02 -9.544315E+00 +/-  2.725544E-02
2.495000E+02 -9.394195E+00 +/-  2.679399E-02
2.505000E+02 -9.237000E+00 +/-  2.630605E-02
2.515000E+02 -9.089233E+00 +/-  2.581957E-02
2.525000E+02 -8.966417E+00 +/-  2.539662E-02
2.535000E+02 -8.806739E+00 +/-  2.490774E-02
2.545000E+02 -8.684332E+00 +/-  2.448808E-02
2.555000E+02 -8.570379E+00 +/-  2.410721E-02
2.565000E+02 -8.390585E+00 +/-  2.359818E-02
2.575000E+02 -8.310548E+00 +/-  2.325819E-02
2.585000E+02 -8.161940E+00 +/-  2.283956E-02
2.595000E+02 -8.011509E+00 +/-  2.238723E-02
2.605000E+02 -7.941826E+00 +/-  2.209761E-02
2.615000E+02 -7.810691E+00 +/-  2.168633E-02
2.625000E+02 -7.684075E+00 +/-  2.130897E-02
2.635000E+02 -7.564787E+00 +/-  2.093909E-02
2.645000E+02 -7.464494E+00 +/-  2.060033E-02
2.655000E+02 -7.353816E+00 +/-  2.025648E-02
2.665000E+02 -7.235894E+00 +/-  1.989026E-02
2.675000E+02 -7.134283E+00 +/-  1.958372E-02
2.685000E+02 -7.020755E+00 +/-  1.923133E-02
2.695000E+02 -6.926707E+00 +/-  1.892882E-02
2.705000E+02 -6.843426E+00 +/-  1.863526E-02
2.715000E+02 -6.723476E+00 +/-  1.830192E-02
2.725000E+02 -6.626990E+00 +/-  1.800045E-02
2.735000E+02 -6.540214E+00 +/-  1.771326E-02
2.745000E+02 -6.422954E+00 +/-  1.740023E-02
2.755000E+02 -6.355476E+00 +/-  1.714482E-02
2.765000E+02 -6.248269E+00 +/-  1.684810E-02
2.775000E+02 -6.164491E+00 +/-  1.657943E-02
2.785000E+02 -6.081623E+00 +/-  1.631259E-02
2.795000E+02 -5.994465E+00 +/-  1.605939E-02
2.805000E+02 -5.915076E+00 +/-  1.579683E-02
2.815000E+02 -5.820816E+00 +/-  1.554121E-02
2.825000E+02 -5.738979E+00 +/-  1.528866E-02
2.835000E+02 -5.662983E+00 +/-  1.504547E-02
2.845000E+02 -5.584794E+00 +/-  1.481966E-02
2.855000E+02 -5.502650E+00 +/-  1.457066E-02
2.865000E+02 -5.436824E+00 +/-  1.435263E-02
2.875000E+02 -5.352956E+00 +/-  1.413283E-02
2.885000E+02 -5.291734E+00 +/-  1.391760E-02
2.895000E+02 -5.199901E+00 +/-  1.367302E-02
2.905000E+02 -5.143045E+00 +/-  1.348577E-02
2.915000E+02 -5.052243E+00 +/-  1.323442E-02
2.925000E+02 -4.995219E+00 +/-  1.306026E-02
2.935000E+02 -4.926747E+00 +/-  1.285558E-02
2.945000E+02 -4.866331E+00 +/-  1.266191E-02
2.955000E+02 -4.799065E+00 +/-  1.246943E-02
2.965000E+02 -4.732350E+00 +/-  1.227778E-02
2.975000E+02 -4.664618E+00 +/-  1.208539E-02
2.985000E+02 -4.603034E+00 +/-  1.190239E-02
2.995000E+02 -4.546356E+00 +/-  1.172526E-02
3.005000E+02 -4.490931E+00 +/-  1.156453E-02
3.015000E+02 -4.415928E+00 +/-  1.136049E-02
3.025000E+02 -4.359165E+00 +/-  1.119492E-02
3.035000E+02 -4.313751E+00 +/-  1.104214E-02
3.045000E+02 -4.250846E+00 +/-  1.087609E-02
3.055000E+02 -4.191825E+00 +/-  1.070709E-02
3.065000E+02 -4.144660E+00 +/-  1.056085E-02
3.075000E+02 -4.078959E+00 +/-  1.038429E-02
3.085000E+02 -4.031075E+00 +/-  1.024096E-02
3.095000E+02 -3.979613E+00 +/-  1.008821E-02
3.105000E+02 -3.928307E+00 +/-  9.950754E-03
3.115000E+02 -3.876957E+00 +/-  9.797115E-03
3.125000E+02 -3.828793E+00 +/-  9.659003E-03
3.135000E+02 -3.779479E+00 +/-  9.515155E-03
3.145000E+02 -3.734743E+00 +/-  9.387832E-03
3.155000E+02 -3.678410E+00 +/-  9.236478E-03
3.165000E+02 -3.637639E+00 +/-  9.114407E-03
3.175000E+02 -3.593635E+00 +/-  8.985657E-03
3.185000E+02 -3.538805E+00 +/-  8.844362E-03
3.195000E+02 -3.502707E+00 +/-  8.732854E-03
3.205000E+02 -3.460686E+00 +/-  8.608878E-03
3.215000E+02 -3.406089E+00 +/-  8.469414E-03
3.225000E+02 -3.367383E+00 +/-  8.358111E-03
3.235000E+02 -3.323077E+00 +/-  8.234236E-03
3.245000E+02 -3.291305E+00 +/-  8.136374E-03
3.255000E+02 -3.243423E+00 +/-  8.009452E-03
3.265000E+02 -3.208494E+00 +/-  7.906420E-03
3.275000E+02 -3.160326E+00 +/-  7.784608E-03
3.285000E+02 -3.124112E+00 +/-  7.676090E-03
3.295000E+02 -3.084203E+00 +/-  7.570388E-03
3.305000E+02 -3.056535E+00 +/-  7.482800E-03
3.315000E+02 -3.012113E+00 +/-  7.365621E-03
3.325000E+02 -2.970954E+00 +/-  7.260056E-03
3.335000E+02 -2.943469E+00 +/-  7.172310E-03
3.345000E+02 -2.901969E+00 +/-  7.066509E-03
3.355000E+02 -2.869820E+00 +/-  6.976708E-03
3.365000E+02 -2.836151E+00 +/-  6.878920E-03
3.375000E+02 -2.797721E+00 +/-  6.780261E-03
3.385000E+02 -2.768969E+00 +/-  6.694843E-03
3.395000E+02 -2.726346E+00 +/-  6.594515E-03
3.405000E+02 -2.702317E+00 +/-  6.513910E-03
3.415000E+02 -2.669584E+00 +/-  6.427662E-03
3.425000E+02 -2.635350E+00 +/-  6.338942E-03
3.435000E+02 -2.608054E+00 +/-  6.257413E-03
3.445000E+02 -2.575044E+00 +/-  6.173906E-03
3.455000E+02 -2.540361E+00 +/-  6.083299E-03
3.465000E+02 -2.515864E+00 +/-  6.012163E-03
3.475000E+02 -2.484291E+00 +/-  5.929843E-03
3.485000E+02 -2.458678E+00 +/-  5.856911E-03
3.495000E+02 -2.425677E+00 +/-  5.772468E-03
3.505000E+02 -2.398651E+00 +/-  5.698269E-03
3.515000E+02 -2.369849E+00 +/-  5.623710E-03
3.525000E+02 -2.341639E+00 +/-  5.546807E-03
3.535000E+02 -2.315835E+00 +/-  5.481939E-03
3.545000E+02 -2.295365E+00 +/-  5.410661E-03
3.555000E+02 -2.259508E+00 +/-  5.336809E-03
3.565000E+02 -2.236685E+00 +/-  5.269119E-03
3.575000E+02 -2.210165E+00 +/-  5.199535E-03
3.585000E+02 -2.188690E+00 +/-  5.137963E-03
3.595000E+02 -2.161969E+00 +/-  5.069112E-03
3.605000E+02 -2.139272E+00 +/-  5.006895E-03
3.615000E+02 -2.106490E+00 +/-  4.931985E-03
3.625000E+02 -2.093005E+00 +/-  4.882924E-03
3.635000E+02 -2.066782E+00 +/-  4.818674E-03
3.645000E+02 -2.039012E+00 +/-  4.751367E-03
3.655000E+02 -2.023348E+00 +/-  4.700627E-03
3.665000E+02 -1.994935E+00 +/-  4.633199E-03
3.675000E+02 -1.968263E+00 +/-  4.569937E-03
3.685000E+02 -1.955471E+00 +/-  4.525366E-03
3.695000E+02 -1.930613E+00 +/-  4.464152E-03
3.705000E+02 -1.913325E+00 +/-  4.413856E-03
3.715000E+02 -1.884289E+00 +/-  4.350144E-03
3.725000E+02 -1.865774E+00 +/-  4.295965E-03
3.735000E+02 -1.848098E+00 +/-  4.249440E-03
3.745000E+02 -1.826906E+00 +/-  4.195695E-03
3.755000E+02 -1.806189E+00 +/-  4.141477E-03
3.765000E+02 -1.785953E+00 +/-  4.090834E-03
3.775000E+02 -1.769538E+00 +/-  4.045870E-03
3.785000E+02 -1.745550E+00 +/-  3.988006E-03
3.795000E+02 -1.731033E+00 +/-  3.946534E-03
3.805000E+02 -1.710569E+00 +/-  3.896321E-03
3.815000E+02 -1.692894E+00 +/-  3.849657E-03
3.825000E+02 -1.672241E+00 +/-  3.800596E-03
3.835000E+02 -1.656092E+00 +/-  3.757529E-03
3.845000E+02 -1.635629E+00 +/-  3.708616E-03
3.855000E+02 -1.621950E+00 +/-  3.668129E-03
3.865000E+02 -1.601936E+00 +/-  3.620958E-03
3.875000E+02 -1.586558E+00 +/-  3.580465E-03
3.885000E+02 -1.570590E+00 +/-  3.538234E-03
3.895000E+02 -1.551050E+00 +/-  3.493848E-03
3.905000E+02 -1.535992E+00 +/-  3.452085E-03
3.915000E+02 -1.523014E+00 +/-  3.415527E-03
3.925000E+02 -1.501463E+00 +/-  3.369727E-03
3.935000E+02 -1.486061E+00 +/-  3.329321E-03
3.945000E+02 -1.473107E+00 +/-  3.293870E-03
3.955000E+02 -1.456711E+00 +/-  3.254337E-03
3.965000E+02 -1.441216E+00 +/-  3.214929E-03
3.975000E+02 -1.428243E+00 +/-  3.180478E-03
3.985000E+02 -1.412206E+00 +/-  3.142364E-03
3.995000E+02 -1.399188E+00 +/-  3.108183E-03
4.005000E+02 -1.380959E+00 +/-  3.065263E-03
4.015000E+02 -1.368339E+00 +/-  3.034539E-03
4.025000E+02 -1.354332E+00 +/-  2.997754E-03
4.035000E+02 -1.341316E+00 +/-  2.965388E-03
4.045000E+02 -1.326549E+00 +/-  2.929242E-03
4.055000E+02 -1.314827E+00 +/-  2.899203E-03
4.065000E+02 -1.298342E+00 +/-  2.861333E-03
4.075000E+02 -1.287630E+00 +/-  2.832931E-03
4.085000E+02 -1.273476E+00 +/-  2.797374E-03
4.095000E+02 -1.258772E+00 +/-  2.764701E-03
4.105000E+02 -1.249831E+00 +/-  2.737569E-03
4.115000E+02 -1.235999E+00 +/-  2.705201E-03
4.125000E+02 -1.222387E+00 +/-  2.673530E-03
4.135000E+02 -1.211439E+00 +/-  2.644556E-03
4.145000E+02 -1.197854E+00 +/-  2.613941E-03
4.155000E+02 -1.186740E+00 +/-  2.584527E-03
4.165000E+02 -1.174109E+00 +/-  2.555342E-03
4.175000E+02 -1.163945E+00 +/-  2.528726E-03
4.185000E+02 -1.150095E+00 +/-  2.497275E-03
4.195000E+02 -1.140804E+00 +/-  2.472738E-03
4.205000E+02 -1.127829E+00 +/-  2.443295E-03
4.215000E+02 -1.117630E+00 +/-  2.416799E-03
4.225000E+02 -1.106394E+00 +/-  2.390672E-03
4.235000E+02 -1.096441E+00 +/-  2.364627E-03
4.245000E+02 -1.084477E+00 +/-  2.337243E-03
4.255000E+02 -1.072770E+00 +/-  2.310992E-03
4.265000E+02 -1.064324E+00 +/-  2.287675E-03
4.275000E+02 -1.053699E+00 +/-  2.262663E-03
4.285000E+02 -1.043616E+00 +/-  2.238477E-03
4.295000E+02 -1.032944E+00 +/-  2.213118E-03
4.305000E+02 -1.023112E+00 +/-  2.189091E-03
4.315000E+02 -1.013170E+00 +/-  2.165661E-03
4.325000E+02 -1.001836E+00 +/-  2.139930E-03
4.335000E+02 -9.945064E-01 +/-  2.120329E-03
4.345000E+02 -9.837674E-01 +/-  2.095728E-03
4.355000E+02 -9.743601E-01 +/-  2.073416E-03
4.365000E+02 -9.651690E-01 +/-  2.051770E-03
4.375000E+02 -9.553329E-01 +/-  2.028064E-03
4.385000E+02 -9.470037E-01 +/-  2.008123E-03
4.395000E+02 -9.383258E-01 +/-  1.986643E-03
4.405000E+02 -9.287034E-01 +/-  1.965321E-03
4.415000E+02 -9.200476E-01 +/-  1.944662E-03
4.425000E+02 -9.124440E-01 +/-  1.925015E-03
4.435000E+02 -9.016501E-01 +/-  1.901822E-03
4.445000E+02 -8.964907E-01 +/-  1.886251E-03
4.455000E+02 -8.849328E-01 +/-  1.862731E-03
4.465000E+02 -8.776643E-01 +/-  1.843813E-03
4.475000E+02 -8.705487E-01 +/-  1.826467E-03
4.485000E+02 -8.606472E-01 +/-  1.804970E-03
4.495000E+02 -8.521750E-01 +/-  1.785614E-03
4.505000E+02 -8.463467E-01 +/-  1.769361E-03
4.515000E+02 -8.368899E-01 +/-  1.749555E-03
4.525000E+02 -8.297987E-01 +/-  1.731908E-03
4.535000E+02 -8.221272E-01 +/-  1.714136E-03
4.545000E+02 -8.139729E-01 +/-  1.695760E-03
4.555000E+02 -8.073897E-01 +/-  1.679127E-03
4.565000E+02 -7.998110E-01 +/-  1.662077E-03
4.575000E+02 -7.933868E-01 +/-  1.646161E-03
4.585000E+02 -7.833819E-01 +/-  1.625599E-03
4.595000E+02 -7.771676E-01 +/-  1.610071E-03
4.605000E+02 -7.710902E-01 +/-  1.595198E-03
4.615000E+02 -7.634476E-01 +/-  1.578255E-03
4.625000E+02 -7.559255E-01 +/-  1.561397E-03
4.635000E+02 -7.498306E-01 +/-  1.546577E-03
4.645000E+02 -7.437026E-01 +/-  1.531336E-03
4.655000E+02 -7.351742E-01 +/-  1.514427E-03
4.665000E+02 -7.302690E-01 +/-  1.500616E-03
4.675000E+02 -7.225656E-01 +/-  1.484361E-03
4.685000E+02 -7.179530E-01 +/-  1.471613E-03
4.695000E+02 -7.093958E-01 +/-  1.454522E-03
4.705000E+02 -7.041725E-01 +/-  1.441400E-03
4.715000E+02 -6.976056E-01 +/-  1.426326E-03
4.725000E+02 -6.908307E-01 +/-  1.411628E-03
4.735000E+02 -6.857094E-01 +/-  1.398807E-03
4.745000E+02 -6.789214E-01 +/-  1.384126E-03
4.755000E+02 -6.724293E-01 +/-  1.369983E-03
4.765000E+02 -6.670166E-01 +/-  1.356865E-03
4.775000E+02 -6.598496E-01 +/-  1.342315E-03
4.785000E+02 -6.565855E-01 +/-  1.331577E-03
4.795000E+02 -6.495821E-01 +/-  1.317265E-03
4.805000E+02 -6.436027E-01 +/-  1.304199E-03
4.815000E+02 -6.384653E-01 +/-  1.291971E-03
4.825000E+02 -6.328079E-01 +/-  1.279179E-03
4.835000E+02 -6.269330E-01 +/-  1.266261E-03
4.845000E+02 -6.209869E-01 +/-  1.253432E-03
4.855000E+02 -6.161774E-01 +/-  1.241789E-03
4.865000E+02 -6.114235E-01 +/-  1.230811E-03
4.875000E+02 -6.055195E-01 +/-  1.217907E-03
4.885000E+02 -6.001461E-01 +/-  1.206062E-03
4.895000E+02 -5.954701E-01 +/-  1.195267E-03
4.905000E+02 -5.897829E-01 +/-  1.182531E-03
4.915000E+02 -5.847968E-01 +/-  1.171899E-03
4.925000E+02 -5.798145E-01 +/-  1.159980E-03
4.935000E+02 -5.758693E-01 +/-  1.150655E-03
4.945000E+02 -5.688881E-01 +/-  1.137185E-03
4.955000E+02 -5.651496E-01 +/-  1.127608E-03
4.965000E+02 -5.600718E-01 +/-  1.116748E-03
4.975000E+02 -5.566390E-01 +/-  1.107345E-03
4.985000E+02 -5.494741E-01 +/-  1.094055E-03
4.995000E+02 -5.461839E-01 +/-  1.085460E-03
