 u,U -> u,U
x-axis: "Mass{p3+p4}]"  from 20.000000 to 200.000000 N_bins= 300
Diff. cross section [pb/GeV]
2.030000E+01 3.300603E+04 +/-  3.567670E+02
2.090000E+01 2.961057E+04 +/-  3.113852E+02
2.150000E+01 2.620799E+04 +/-  2.753678E+02
2.210000E+01 2.260849E+04 +/-  2.124474E+02
2.270000E+01 2.065188E+04 +/-  1.985567E+02
2.330000E+01 1.883793E+04 +/-  1.822753E+02
2.390000E+01 1.712501E+04 +/-  1.678511E+02
2.450000E+01 1.563254E+04 +/-  1.516411E+02
2.510000E+01 1.403423E+04 +/-  1.328502E+02
2.570000E+01 1.260931E+04 +/-  1.149056E+02
2.630000E+01 1.155692E+04 +/-  1.048061E+02
2.690000E+01 1.080465E+04 +/-  1.017398E+02
2.750000E+01 9.908576E+03 +/-  9.190671E+01
2.810000E+01 9.029436E+03 +/-  8.217913E+01
2.870000E+01 8.449399E+03 +/-  7.923801E+01
2.930000E+01 7.744750E+03 +/-  7.110858E+01
2.990000E+01 7.115154E+03 +/-  6.332532E+01
3.050000E+01 6.546630E+03 +/-  5.886066E+01
3.110000E+01 6.030433E+03 +/-  5.309559E+01
3.170000E+01 5.561703E+03 +/-  4.779726E+01
3.230000E+01 5.190798E+03 +/-  4.482888E+01
3.290000E+01 4.910305E+03 +/-  4.435171E+01
3.350000E+01 4.567369E+03 +/-  4.053067E+01
3.410000E+01 4.167163E+03 +/-  3.586754E+01
3.470000E+01 3.943156E+03 +/-  3.432767E+01
3.530000E+01 3.683200E+03 +/-  3.270185E+01
3.590000E+01 3.474887E+03 +/-  3.037731E+01
3.650000E+01 3.211753E+03 +/-  2.767622E+01
3.710000E+01 3.033451E+03 +/-  2.600765E+01
3.770000E+01 2.786368E+03 +/-  2.360982E+01
3.830000E+01 2.681320E+03 +/-  2.323959E+01
3.890000E+01 2.498540E+03 +/-  2.165605E+01
3.950000E+01 2.380923E+03 +/-  2.062028E+01
4.010000E+01 2.209583E+03 +/-  1.887530E+01
4.070000E+01 2.104505E+03 +/-  1.807076E+01
4.130000E+01 1.968622E+03 +/-  1.693958E+01
4.190000E+01 1.879705E+03 +/-  1.616831E+01
4.250000E+01 1.753237E+03 +/-  1.489596E+01
4.310000E+01 1.657034E+03 +/-  1.448381E+01
4.370000E+01 1.571089E+03 +/-  1.330951E+01
4.430000E+01 1.495533E+03 +/-  1.339282E+01
4.490000E+01 1.431511E+03 +/-  1.343245E+01
4.550000E+01 1.351952E+03 +/-  1.308734E+01
4.610000E+01 1.268793E+03 +/-  1.270332E+01
4.670000E+01 1.200686E+03 +/-  1.230465E+01
4.730000E+01 1.166251E+03 +/-  1.167828E+01
4.790000E+01 1.094405E+03 +/-  1.103237E+01
4.850000E+01 1.050840E+03 +/-  1.079704E+01
4.910000E+01 9.933094E+02 +/-  1.032594E+01
4.970000E+01 9.467113E+02 +/-  9.852658E+00
5.030000E+01 9.122789E+02 +/-  9.986918E+00
5.090000E+01 8.520392E+02 +/-  9.352634E+00
5.150000E+01 8.347355E+02 +/-  9.086892E+00
5.210000E+01 7.892514E+02 +/-  8.720626E+00
5.270000E+01 7.559639E+02 +/-  8.372060E+00
5.330000E+01 7.065265E+02 +/-  7.889222E+00
5.390000E+01 6.843496E+02 +/-  7.518114E+00
5.450000E+01 6.461779E+02 +/-  7.202841E+00
5.510000E+01 6.301792E+02 +/-  7.176544E+00
5.570000E+01 6.020598E+02 +/-  6.977323E+00
5.630000E+01 5.706474E+02 +/-  6.898511E+00
5.690000E+01 5.628866E+02 +/-  7.031042E+00
5.750000E+01 5.337342E+02 +/-  6.748651E+00
5.810000E+01 4.991163E+02 +/-  6.377322E+00
5.870000E+01 4.869641E+02 +/-  6.163676E+00
5.930000E+01 4.619964E+02 +/-  5.831037E+00
5.990000E+01 4.481605E+02 +/-  5.582154E+00
6.050000E+01 4.366932E+02 +/-  5.403627E+00
6.110000E+01 4.179601E+02 +/-  5.167133E+00
6.170000E+01 4.053015E+02 +/-  4.961156E+00
6.230000E+01 3.853459E+02 +/-  4.736269E+00
6.290000E+01 3.778267E+02 +/-  4.931967E+00
6.350000E+01 3.596484E+02 +/-  5.070558E+00
6.410000E+01 3.378358E+02 +/-  4.853748E+00
6.470000E+01 3.327032E+02 +/-  4.715006E+00
6.530000E+01 3.234880E+02 +/-  4.539241E+00
6.590000E+01 3.081167E+02 +/-  4.315220E+00
6.650000E+01 2.966567E+02 +/-  4.162160E+00
6.710000E+01 2.758446E+02 +/-  3.907865E+00
6.770000E+01 2.752630E+02 +/-  3.861963E+00
6.830000E+01 2.664608E+02 +/-  4.443473E+00
6.890000E+01 2.602421E+02 +/-  4.334813E+00
6.950000E+01 2.493389E+02 +/-  4.082598E+00
7.010000E+01 2.467277E+02 +/-  4.006594E+00
7.070000E+01 2.298952E+02 +/-  3.814939E+00
7.130000E+01 2.263091E+02 +/-  3.718623E+00
7.190000E+01 2.207554E+02 +/-  3.649201E+00
7.250000E+01 2.122304E+02 +/-  3.444976E+00
7.310000E+01 2.014917E+02 +/-  3.287051E+00
7.370000E+01 2.025768E+02 +/-  3.312170E+00
7.430000E+01 1.887726E+02 +/-  3.157557E+00
7.490000E+01 1.819397E+02 +/-  3.065383E+00
7.550000E+01 1.788062E+02 +/-  2.971778E+00
7.610000E+01 1.754760E+02 +/-  2.898668E+00
7.670000E+01 1.652563E+02 +/-  2.777919E+00
7.730000E+01 1.636569E+02 +/-  2.672898E+00
7.790000E+01 1.544091E+02 +/-  2.558586E+00
7.850000E+01 1.535001E+02 +/-  2.513080E+00
7.910000E+01 1.441794E+02 +/-  2.627182E+00
7.970000E+01 1.416389E+02 +/-  2.666346E+00
8.030000E+01 1.403211E+02 +/-  2.625088E+00
8.090000E+01 1.362113E+02 +/-  2.525268E+00
8.150000E+01 1.319993E+02 +/-  2.430131E+00
8.210000E+01 1.282179E+02 +/-  2.351940E+00
8.270000E+01 1.225434E+02 +/-  2.263595E+00
8.330000E+01 1.189315E+02 +/-  2.174620E+00
8.390000E+01 1.165285E+02 +/-  2.158879E+00
8.450000E+01 1.161444E+02 +/-  2.097799E+00
8.510000E+01 1.104237E+02 +/-  1.998807E+00
8.570000E+01 1.079090E+02 +/-  1.948204E+00
8.630000E+01 1.053433E+02 +/-  1.929089E+00
8.690000E+01 1.033785E+02 +/-  1.855750E+00
8.750000E+01 9.839454E+01 +/-  1.775284E+00
8.810000E+01 9.407834E+01 +/-  1.782135E+00
8.870000E+01 9.582636E+01 +/-  1.795126E+00
8.930000E+01 8.836160E+01 +/-  1.669043E+00
8.990000E+01 8.789561E+01 +/-  1.639093E+00
9.050000E+01 8.612010E+01 +/-  1.595466E+00
9.110000E+01 8.641724E+01 +/-  1.587465E+00
9.170000E+01 8.148131E+01 +/-  1.506173E+00
9.230000E+01 7.748218E+01 +/-  1.446839E+00
9.290000E+01 7.622368E+01 +/-  1.402078E+00
9.350000E+01 7.725549E+01 +/-  1.396530E+00
9.410000E+01 7.399755E+01 +/-  1.354158E+00
9.470000E+01 7.271313E+01 +/-  1.314404E+00
9.530000E+01 6.848575E+01 +/-  1.266727E+00
9.590000E+01 6.968247E+01 +/-  1.255740E+00
9.650000E+01 6.819734E+01 +/-  1.222133E+00
9.710000E+01 6.566110E+01 +/-  1.457008E+00
9.770000E+01 6.253816E+01 +/-  1.757686E+00
9.830000E+01 6.196684E+01 +/-  1.775229E+00
9.890000E+01 6.178883E+01 +/-  1.781207E+00
9.950000E+01 6.088178E+01 +/-  1.730113E+00
1.001000E+02 5.648033E+01 +/-  1.607670E+00
1.007000E+02 5.206463E+01 +/-  1.366231E+00
1.013000E+02 5.470055E+01 +/-  1.487746E+00
1.019000E+02 5.379131E+01 +/-  1.506474E+00
1.025000E+02 5.170319E+01 +/-  1.342274E+00
1.031000E+02 5.228378E+01 +/-  1.430774E+00
1.037000E+02 5.090554E+01 +/-  1.416671E+00
1.043000E+02 4.861426E+01 +/-  1.334712E+00
1.049000E+02 4.932325E+01 +/-  1.364040E+00
1.055000E+02 4.682577E+01 +/-  1.289923E+00
1.061000E+02 4.494365E+01 +/-  1.198911E+00
1.067000E+02 4.654489E+01 +/-  1.300386E+00
1.073000E+02 4.556457E+01 +/-  1.287498E+00
1.079000E+02 3.919177E+01 +/-  1.066519E+00
1.085000E+02 4.131683E+01 +/-  1.116675E+00
1.091000E+02 3.810867E+01 +/-  1.054445E+00
1.097000E+02 4.094008E+01 +/-  1.146273E+00
1.103000E+02 3.902832E+01 +/-  1.071624E+00
1.109000E+02 3.822369E+01 +/-  9.953879E-01
1.115000E+02 3.541186E+01 +/-  1.162721E+00
1.121000E+02 3.630341E+01 +/-  1.171451E+00
1.127000E+02 3.677180E+01 +/-  1.208243E+00
1.133000E+02 3.385548E+01 +/-  1.086981E+00
1.139000E+02 3.532267E+01 +/-  1.151699E+00
1.145000E+02 3.218543E+01 +/-  1.016034E+00
1.151000E+02 3.249011E+01 +/-  1.048908E+00
1.157000E+02 3.258879E+01 +/-  1.059592E+00
1.163000E+02 3.157176E+01 +/-  1.034571E+00
1.169000E+02 3.129648E+01 +/-  1.015870E+00
1.175000E+02 2.897700E+01 +/-  9.306842E-01
1.181000E+02 2.818731E+01 +/-  8.998786E-01
1.187000E+02 2.933892E+01 +/-  9.436942E-01
1.193000E+02 2.756179E+01 +/-  8.723765E-01
1.199000E+02 2.747831E+01 +/-  8.910276E-01
1.205000E+02 2.734621E+01 +/-  8.716917E-01
1.211000E+02 2.602171E+01 +/-  8.095368E-01
1.217000E+02 2.563677E+01 +/-  8.176792E-01
1.223000E+02 2.554375E+01 +/-  7.977370E-01
1.229000E+02 2.463086E+01 +/-  7.460272E-01
1.235000E+02 2.485851E+01 +/-  7.872501E-01
1.241000E+02 2.400073E+01 +/-  7.681611E-01
1.247000E+02 2.314545E+01 +/-  7.309514E-01
1.253000E+02 2.396944E+01 +/-  7.506649E-01
1.259000E+02 2.271590E+01 +/-  6.979094E-01
1.265000E+02 2.299186E+01 +/-  6.859571E-01
1.271000E+02 2.321028E+01 +/-  7.241764E-01
1.277000E+02 2.007335E+01 +/-  6.247876E-01
1.283000E+02 2.139815E+01 +/-  6.477863E-01
1.289000E+02 2.083122E+01 +/-  6.413735E-01
1.295000E+02 2.025646E+01 +/-  6.240614E-01
1.301000E+02 1.914356E+01 +/-  5.893397E-01
1.307000E+02 1.958075E+01 +/-  6.098086E-01
1.313000E+02 1.821674E+01 +/-  5.610509E-01
1.319000E+02 1.962978E+01 +/-  5.976003E-01
1.325000E+02 1.846710E+01 +/-  5.786482E-01
1.331000E+02 1.841981E+01 +/-  5.666371E-01
1.337000E+02 1.756464E+01 +/-  5.413774E-01
1.343000E+02 1.774107E+01 +/-  5.489032E-01
1.349000E+02 1.689156E+01 +/-  5.244481E-01
1.355000E+02 1.680394E+01 +/-  5.240294E-01
1.361000E+02 1.672582E+01 +/-  5.204413E-01
1.367000E+02 1.687898E+01 +/-  5.205688E-01
1.373000E+02 1.649909E+01 +/-  4.985441E-01
1.379000E+02 1.616271E+01 +/-  4.980077E-01
1.385000E+02 1.515034E+01 +/-  4.603882E-01
1.391000E+02 1.500592E+01 +/-  4.581711E-01
1.397000E+02 1.466702E+01 +/-  4.494504E-01
1.403000E+02 1.417997E+01 +/-  4.396091E-01
1.409000E+02 1.429884E+01 +/-  4.361526E-01
1.415000E+02 1.438954E+01 +/-  4.332098E-01
1.421000E+02 1.357164E+01 +/-  4.067545E-01
1.427000E+02 1.357371E+01 +/-  4.107257E-01
1.433000E+02 1.336154E+01 +/-  4.074775E-01
1.439000E+02 1.349996E+01 +/-  4.066463E-01
1.445000E+02 1.376268E+01 +/-  4.112859E-01
1.451000E+02 1.284910E+01 +/-  3.839292E-01
1.457000E+02 1.244917E+01 +/-  3.754575E-01
1.463000E+02 1.291184E+01 +/-  3.865181E-01
1.469000E+02 1.186938E+01 +/-  3.596987E-01
1.475000E+02 1.221848E+01 +/-  3.580229E-01
1.481000E+02 1.140080E+01 +/-  3.445643E-01
1.487000E+02 1.158708E+01 +/-  3.435573E-01
1.493000E+02 1.170961E+01 +/-  3.441147E-01
1.499000E+02 1.138921E+01 +/-  3.346821E-01
1.505000E+02 1.076256E+01 +/-  3.135306E-01
1.511000E+02 1.102828E+01 +/-  3.267844E-01
1.517000E+02 1.100608E+01 +/-  3.227811E-01
1.523000E+02 1.004701E+01 +/-  2.940625E-01
1.529000E+02 1.047399E+01 +/-  3.081463E-01
1.535000E+02 1.053238E+01 +/-  3.061699E-01
1.541000E+02 9.848089E+00 +/-  2.910240E-01
1.547000E+02 9.874071E+00 +/-  2.858922E-01
1.553000E+02 9.858763E+00 +/-  2.879682E-01
1.559000E+02 8.973297E+00 +/-  2.636119E-01
1.565000E+02 8.901954E+00 +/-  2.532711E-01
1.571000E+02 8.970008E+00 +/-  2.607787E-01
1.577000E+02 9.129470E+00 +/-  2.583738E-01
1.583000E+02 8.991214E+00 +/-  2.589734E-01
1.589000E+02 9.193911E+00 +/-  2.673081E-01
1.595000E+02 8.549724E+00 +/-  2.403600E-01
1.601000E+02 8.192480E+00 +/-  2.338074E-01
1.607000E+02 8.377241E+00 +/-  2.354983E-01
1.613000E+02 8.308543E+00 +/-  2.391634E-01
1.619000E+02 8.065364E+00 +/-  2.305464E-01
1.625000E+02 8.420195E+00 +/-  2.394154E-01
1.631000E+02 7.862450E+00 +/-  2.253346E-01
1.637000E+02 7.634413E+00 +/-  2.182405E-01
1.643000E+02 7.380114E+00 +/-  2.171270E-01
1.649000E+02 7.652293E+00 +/-  2.225525E-01
1.655000E+02 7.303171E+00 +/-  2.133999E-01
1.661000E+02 6.888985E+00 +/-  1.981909E-01
1.667000E+02 7.130871E+00 +/-  2.077141E-01
1.673000E+02 7.169469E+00 +/-  2.057709E-01
1.679000E+02 7.104401E+00 +/-  2.068946E-01
1.685000E+02 6.928278E+00 +/-  2.013268E-01
1.691000E+02 6.790515E+00 +/-  1.945184E-01
1.697000E+02 6.760929E+00 +/-  1.925055E-01
1.703000E+02 6.587501E+00 +/-  1.896265E-01
1.709000E+02 6.422145E+00 +/-  1.852360E-01
1.715000E+02 6.663417E+00 +/-  1.910270E-01
1.721000E+02 6.495230E+00 +/-  1.844821E-01
1.727000E+02 6.334415E+00 +/-  1.806227E-01
1.733000E+02 6.128886E+00 +/-  1.751878E-01
1.739000E+02 6.039663E+00 +/-  1.712802E-01
1.745000E+02 6.059211E+00 +/-  1.725659E-01
1.751000E+02 5.826864E+00 +/-  1.686773E-01
1.757000E+02 6.094697E+00 +/-  1.711663E-01
1.763000E+02 5.936503E+00 +/-  1.669415E-01
1.769000E+02 5.905983E+00 +/-  1.661606E-01
1.775000E+02 5.407368E+00 +/-  1.544661E-01
1.781000E+02 5.673579E+00 +/-  1.558139E-01
1.787000E+02 5.492055E+00 +/-  1.545319E-01
1.793000E+02 5.487076E+00 +/-  1.556644E-01
1.799000E+02 5.349797E+00 +/-  1.495612E-01
1.805000E+02 5.248040E+00 +/-  1.458217E-01
1.811000E+02 5.174195E+00 +/-  1.433670E-01
1.817000E+02 5.290634E+00 +/-  1.482843E-01
1.823000E+02 4.869899E+00 +/-  1.364823E-01
1.829000E+02 4.776617E+00 +/-  1.324731E-01
1.835000E+02 5.283627E+00 +/-  1.461267E-01
1.841000E+02 4.883323E+00 +/-  1.344963E-01
1.847000E+02 4.616073E+00 +/-  1.291457E-01
1.853000E+02 4.763514E+00 +/-  1.314275E-01
1.859000E+02 4.496591E+00 +/-  1.239892E-01
1.865000E+02 4.664570E+00 +/-  1.296929E-01
1.871000E+02 4.443499E+00 +/-  1.232615E-01
1.877000E+02 4.408090E+00 +/-  1.217404E-01
1.883000E+02 4.674650E+00 +/-  1.264417E-01
1.889000E+02 4.408622E+00 +/-  1.218204E-01
1.895000E+02 4.517645E+00 +/-  1.223850E-01
1.901000E+02 3.972739E+00 +/-  1.099631E-01
1.907000E+02 4.219214E+00 +/-  1.142546E-01
1.913000E+02 4.109757E+00 +/-  1.103816E-01
1.919000E+02 4.077342E+00 +/-  1.092909E-01
1.925000E+02 4.019788E+00 +/-  1.120744E-01
1.931000E+02 4.155310E+00 +/-  1.137814E-01
1.937000E+02 4.148877E+00 +/-  1.110275E-01
1.943000E+02 3.784739E+00 +/-  1.020845E-01
1.949000E+02 4.000597E+00 +/-  1.076284E-01
1.955000E+02 3.719792E+00 +/-  1.000042E-01
1.961000E+02 3.801847E+00 +/-  1.028458E-01
1.967000E+02 3.850168E+00 +/-  1.039757E-01
1.973000E+02 3.736654E+00 +/-  1.003126E-01
1.979000E+02 3.762235E+00 +/-  1.016458E-01
1.985000E+02 3.603555E+00 +/-  9.589605E-02
1.991000E+02 3.453508E+00 +/-  9.405871E-02
1.997000E+02 3.479986E+00 +/-  9.152472E-02
