 u,U -> u,U
x-axis: "Mass{p3+p4}a"  from 20.000000 to 500.000000 N_bins= 300
Diff. cross section [pb/GeV]
2.080000E+01 2.936788E+04 +/-  4.519138E+02
2.240000E+01 2.226854E+04 +/-  3.365319E+02
2.400000E+01 1.649613E+04 +/-  2.319974E+02
2.560000E+01 1.313017E+04 +/-  1.901300E+02
2.720000E+01 1.028397E+04 +/-  1.392255E+02
2.880000E+01 8.167840E+03 +/-  1.082211E+02
3.040000E+01 6.737688E+03 +/-  9.077787E+01
3.200000E+01 5.485783E+03 +/-  7.269031E+01
3.360000E+01 4.549407E+03 +/-  5.859284E+01
3.520000E+01 3.734662E+03 +/-  4.745715E+01
3.680000E+01 3.119101E+03 +/-  3.890418E+01
3.840000E+01 2.609087E+03 +/-  3.039481E+01
4.000000E+01 2.246797E+03 +/-  2.651283E+01
4.160000E+01 1.914870E+03 +/-  2.302637E+01
4.320000E+01 1.652413E+03 +/-  1.929937E+01
4.480000E+01 1.443173E+03 +/-  1.641348E+01
4.640000E+01 1.228424E+03 +/-  1.368530E+01
4.800000E+01 1.081141E+03 +/-  1.162830E+01
4.960000E+01 9.650204E+02 +/-  1.105749E+01
5.120000E+01 8.517861E+02 +/-  9.593163E+00
5.280000E+01 7.443350E+02 +/-  8.069666E+00
5.440000E+01 6.561348E+02 +/-  7.039971E+00
5.600000E+01 5.932632E+02 +/-  6.413651E+00
5.760000E+01 5.289462E+02 +/-  5.745455E+00
5.920000E+01 4.725049E+02 +/-  5.192954E+00
6.080000E+01 4.290067E+02 +/-  4.623734E+00
6.240000E+01 3.816986E+02 +/-  4.034962E+00
6.400000E+01 3.463180E+02 +/-  3.765374E+00
6.560000E+01 3.139540E+02 +/-  3.294630E+00
6.720000E+01 2.832605E+02 +/-  3.020941E+00
6.880000E+01 2.604000E+02 +/-  2.744388E+00
7.040000E+01 2.368036E+02 +/-  2.484570E+00
7.200000E+01 2.144974E+02 +/-  2.276156E+00
7.360000E+01 2.007592E+02 +/-  2.116684E+00
7.520000E+01 1.795831E+02 +/-  1.900115E+00
7.680000E+01 1.655376E+02 +/-  1.985432E+00
7.840000E+01 1.535505E+02 +/-  1.813019E+00
8.000000E+01 1.411039E+02 +/-  1.652481E+00
8.160000E+01 1.308023E+02 +/-  1.521988E+00
8.320000E+01 1.217501E+02 +/-  1.439672E+00
8.480000E+01 1.111665E+02 +/-  1.297514E+00
8.640000E+01 1.018728E+02 +/-  1.185465E+00
8.800000E+01 9.643786E+01 +/-  1.105615E+00
8.960000E+01 9.110571E+01 +/-  1.042184E+00
9.120000E+01 8.430917E+01 +/-  9.599461E-01
9.280000E+01 7.793022E+01 +/-  8.633007E-01
9.440000E+01 7.281086E+01 +/-  8.404712E-01
9.600000E+01 6.930911E+01 +/-  9.914672E-01
9.760000E+01 6.353055E+01 +/-  9.167147E-01
9.920000E+01 5.940224E+01 +/-  8.568063E-01
1.008000E+02 5.664498E+01 +/-  8.254856E-01
1.024000E+02 5.352989E+01 +/-  7.933039E-01
1.040000E+02 4.880213E+01 +/-  7.346863E-01
1.056000E+02 4.635674E+01 +/-  6.901669E-01
1.072000E+02 4.247970E+01 +/-  6.250087E-01
1.088000E+02 4.162842E+01 +/-  1.694406E+00
1.104000E+02 4.138096E+01 +/-  1.826189E+00
1.120000E+02 3.567002E+01 +/-  1.357171E+00
1.136000E+02 3.153657E+01 +/-  1.189299E+00
1.152000E+02 3.377278E+01 +/-  1.373729E+00
1.168000E+02 3.075798E+01 +/-  1.305520E+00
1.184000E+02 2.988643E+01 +/-  1.192881E+00
1.200000E+02 2.780110E+01 +/-  1.109810E+00
1.216000E+02 2.675664E+01 +/-  1.112952E+00
1.232000E+02 2.499461E+01 +/-  1.000592E+00
1.248000E+02 2.337959E+01 +/-  8.925782E-01
1.264000E+02 2.276303E+01 +/-  9.059602E-01
1.280000E+02 2.100640E+01 +/-  7.618603E-01
1.296000E+02 1.939005E+01 +/-  7.018646E-01
1.312000E+02 1.813771E+01 +/-  6.580811E-01
1.328000E+02 1.820705E+01 +/-  6.885990E-01
1.344000E+02 1.775478E+01 +/-  6.644356E-01
1.360000E+02 1.616503E+01 +/-  5.529425E-01
1.376000E+02 1.557214E+01 +/-  5.992775E-01
1.392000E+02 1.526088E+01 +/-  5.959107E-01
1.408000E+02 1.457450E+01 +/-  5.214176E-01
1.424000E+02 1.394413E+01 +/-  5.032767E-01
1.440000E+02 1.339757E+01 +/-  5.077408E-01
1.456000E+02 1.220227E+01 +/-  4.146337E-01
1.472000E+02 1.211724E+01 +/-  4.302987E-01
1.488000E+02 1.204612E+01 +/-  4.714939E-01
1.504000E+02 1.048362E+01 +/-  3.776063E-01
1.520000E+02 1.009956E+01 +/-  3.670955E-01
1.536000E+02 9.852327E+00 +/-  4.492418E-01
1.552000E+02 9.784803E+00 +/-  4.458199E-01
1.568000E+02 9.744643E+00 +/-  4.804385E-01
1.584000E+02 8.847971E+00 +/-  4.091864E-01
1.600000E+02 8.717681E+00 +/-  4.023084E-01
1.616000E+02 8.309285E+00 +/-  3.926726E-01
1.632000E+02 7.906353E+00 +/-  3.686060E-01
1.648000E+02 7.282134E+00 +/-  3.251688E-01
1.664000E+02 7.274508E+00 +/-  3.436454E-01
1.680000E+02 7.056605E+00 +/-  3.257948E-01
1.696000E+02 6.403676E+00 +/-  2.966157E-01
1.712000E+02 6.458375E+00 +/-  2.833148E-01
1.728000E+02 6.143634E+00 +/-  2.795964E-01
1.744000E+02 6.239271E+00 +/-  2.810999E-01
1.760000E+02 6.114499E+00 +/-  2.743141E-01
1.776000E+02 5.513994E+00 +/-  2.592466E-01
1.792000E+02 5.529800E+00 +/-  2.624218E-01
1.808000E+02 5.501920E+00 +/-  2.473018E-01
1.824000E+02 4.749469E+00 +/-  2.173767E-01
1.840000E+02 4.827451E+00 +/-  2.138279E-01
1.856000E+02 4.865133E+00 +/-  2.195907E-01
1.872000E+02 4.501879E+00 +/-  1.992836E-01
1.888000E+02 4.381474E+00 +/-  1.960614E-01
1.904000E+02 4.379072E+00 +/-  1.939938E-01
1.920000E+02 4.256729E+00 +/-  1.817823E-01
1.936000E+02 4.049313E+00 +/-  1.779591E-01
1.952000E+02 3.894577E+00 +/-  1.742024E-01
1.968000E+02 3.740511E+00 +/-  1.583960E-01
1.984000E+02 3.555651E+00 +/-  1.560126E-01
2.000000E+02 3.519539E+00 +/-  1.540177E-01
2.016000E+02 3.573055E+00 +/-  1.559654E-01
2.032000E+02 3.023843E+00 +/-  1.292583E-01
2.048000E+02 3.169129E+00 +/-  1.371713E-01
2.064000E+02 3.103505E+00 +/-  1.318632E-01
2.080000E+02 2.918985E+00 +/-  1.223517E-01
2.096000E+02 2.819599E+00 +/-  1.177226E-01
2.112000E+02 2.678084E+00 +/-  1.100528E-01
2.128000E+02 2.573276E+00 +/-  1.095060E-01
2.144000E+02 2.515656E+00 +/-  1.022081E-01
2.160000E+02 2.554294E+00 +/-  1.043448E-01
2.176000E+02 2.486665E+00 +/-  1.020455E-01
2.192000E+02 2.361447E+00 +/-  9.863269E-02
2.208000E+02 2.226442E+00 +/-  8.970538E-02
2.224000E+02 2.225738E+00 +/-  9.251325E-02
2.240000E+02 2.016196E+00 +/-  7.960288E-02
2.256000E+02 2.077475E+00 +/-  8.426538E-02
2.272000E+02 2.081212E+00 +/-  8.602259E-02
2.288000E+02 1.902963E+00 +/-  7.661641E-02
2.304000E+02 1.971450E+00 +/-  7.917976E-02
2.320000E+02 1.920067E+00 +/-  7.620660E-02
2.336000E+02 1.810589E+00 +/-  6.897934E-02
2.352000E+02 1.872505E+00 +/-  7.587216E-02
2.368000E+02 1.707749E+00 +/-  6.800630E-02
2.384000E+02 1.651686E+00 +/-  6.466776E-02
2.400000E+02 1.610386E+00 +/-  6.417112E-02
2.416000E+02 1.701923E+00 +/-  6.691978E-02
2.432000E+02 1.417814E+00 +/-  5.622176E-02
2.448000E+02 1.500395E+00 +/-  5.842517E-02
2.464000E+02 1.483613E+00 +/-  5.770472E-02
2.480000E+02 1.395529E+00 +/-  5.473413E-02
2.496000E+02 1.412762E+00 +/-  5.531075E-02
2.512000E+02 1.334746E+00 +/-  5.352515E-02
2.528000E+02 1.313563E+00 +/-  5.269490E-02
2.544000E+02 1.297483E+00 +/-  5.156800E-02
2.560000E+02 1.226228E+00 +/-  4.946617E-02
2.576000E+02 1.161664E+00 +/-  4.573651E-02
2.592000E+02 1.152171E+00 +/-  4.589891E-02
2.608000E+02 1.173355E+00 +/-  4.461243E-02
2.624000E+02 1.117967E+00 +/-  4.563283E-02
2.640000E+02 1.048462E+00 +/-  4.100741E-02
2.656000E+02 1.053519E+00 +/-  4.170458E-02
2.672000E+02 1.001138E+00 +/-  3.925687E-02
2.688000E+02 1.014048E+00 +/-  3.893096E-02
2.704000E+02 9.896616E-01 +/-  3.913714E-02
2.720000E+02 9.977789E-01 +/-  3.878527E-02
2.736000E+02 9.301706E-01 +/-  3.599154E-02
2.752000E+02 9.449120E-01 +/-  3.612054E-02
2.768000E+02 8.652405E-01 +/-  3.315072E-02
2.784000E+02 8.817678E-01 +/-  3.462197E-02
2.800000E+02 8.220150E-01 +/-  3.145903E-02
2.816000E+02 8.241075E-01 +/-  3.255580E-02
2.832000E+02 8.277670E-01 +/-  3.202444E-02
2.848000E+02 7.705486E-01 +/-  2.946690E-02
2.864000E+02 8.047700E-01 +/-  3.032497E-02
2.880000E+02 7.430850E-01 +/-  2.710349E-02
2.896000E+02 7.668017E-01 +/-  2.873438E-02
2.912000E+02 7.273274E-01 +/-  2.779968E-02
2.928000E+02 6.951905E-01 +/-  2.582598E-02
2.944000E+02 6.598760E-01 +/-  2.408126E-02
2.960000E+02 6.700460E-01 +/-  2.487490E-02
2.976000E+02 6.869535E-01 +/-  2.560574E-02
2.992000E+02 6.133356E-01 +/-  2.320200E-02
3.008000E+02 6.512847E-01 +/-  2.443209E-02
3.024000E+02 6.644445E-01 +/-  2.489499E-02
3.040000E+02 6.252224E-01 +/-  2.301464E-02
3.056000E+02 5.660601E-01 +/-  2.068960E-02
3.072000E+02 5.855267E-01 +/-  2.145933E-02
3.088000E+02 5.505511E-01 +/-  2.040854E-02
3.104000E+02 5.585607E-01 +/-  2.037483E-02
3.120000E+02 5.366564E-01 +/-  1.949118E-02
3.136000E+02 5.412249E-01 +/-  1.969843E-02
3.152000E+02 5.020747E-01 +/-  1.846152E-02
3.168000E+02 5.253871E-01 +/-  1.914404E-02
3.184000E+02 5.019188E-01 +/-  1.830625E-02
3.200000E+02 5.095865E-01 +/-  1.797244E-02
3.216000E+02 4.859491E-01 +/-  1.780529E-02
3.232000E+02 4.875874E-01 +/-  1.788855E-02
3.248000E+02 4.596173E-01 +/-  1.650078E-02
3.264000E+02 4.476661E-01 +/-  1.610439E-02
3.280000E+02 4.480488E-01 +/-  1.602606E-02
3.296000E+02 4.277031E-01 +/-  1.500285E-02
3.312000E+02 4.281253E-01 +/-  1.535830E-02
3.328000E+02 4.262267E-01 +/-  1.526066E-02
3.344000E+02 4.098501E-01 +/-  1.508042E-02
3.360000E+02 4.114509E-01 +/-  1.454651E-02
3.376000E+02 4.144682E-01 +/-  1.461662E-02
3.392000E+02 3.948817E-01 +/-  1.378990E-02
3.408000E+02 3.623692E-01 +/-  1.244590E-02
3.424000E+02 3.581797E-01 +/-  1.264936E-02
3.440000E+02 3.636053E-01 +/-  1.253031E-02
3.456000E+02 3.815414E-01 +/-  1.311118E-02
3.472000E+02 3.551420E-01 +/-  1.241406E-02
3.488000E+02 3.396925E-01 +/-  1.199811E-02
3.504000E+02 3.418174E-01 +/-  1.183485E-02
3.520000E+02 3.288601E-01 +/-  1.137305E-02
3.536000E+02 3.409673E-01 +/-  1.196438E-02
3.552000E+02 3.087870E-01 +/-  1.096375E-02
3.568000E+02 3.126396E-01 +/-  1.082414E-02
3.584000E+02 2.895779E-01 +/-  1.005764E-02
3.600000E+02 3.125932E-01 +/-  1.067630E-02
3.616000E+02 2.952080E-01 +/-  1.036088E-02
3.632000E+02 2.882011E-01 +/-  9.886144E-03
3.648000E+02 2.915012E-01 +/-  9.865131E-03
3.664000E+02 2.991742E-01 +/-  1.013090E-02
3.680000E+02 2.720992E-01 +/-  9.628475E-03
3.696000E+02 2.657401E-01 +/-  9.466040E-03
3.712000E+02 2.650719E-01 +/-  9.584349E-03
3.728000E+02 2.515385E-01 +/-  9.033977E-03
3.744000E+02 2.637841E-01 +/-  9.270945E-03
3.760000E+02 2.618831E-01 +/-  9.214087E-03
3.776000E+02 2.433732E-01 +/-  8.583800E-03
3.792000E+02 2.420306E-01 +/-  8.509997E-03
3.808000E+02 2.330751E-01 +/-  8.173121E-03
3.824000E+02 2.314530E-01 +/-  8.175286E-03
3.840000E+02 2.183435E-01 +/-  7.554321E-03
3.856000E+02 2.304607E-01 +/-  7.990156E-03
3.872000E+02 2.121063E-01 +/-  7.401654E-03
3.888000E+02 2.140143E-01 +/-  7.284650E-03
3.904000E+02 2.194817E-01 +/-  7.614364E-03
3.920000E+02 1.952975E-01 +/-  6.749352E-03
3.936000E+02 2.229966E-01 +/-  7.571072E-03
3.952000E+02 2.147911E-01 +/-  7.335563E-03
3.968000E+02 1.972017E-01 +/-  6.612872E-03
3.984000E+02 1.943672E-01 +/-  6.674265E-03
4.000000E+02 2.033894E-01 +/-  6.868661E-03
4.016000E+02 1.820310E-01 +/-  6.217992E-03
4.032000E+02 1.826692E-01 +/-  6.199832E-03
4.048000E+02 1.785311E-01 +/-  6.204685E-03
4.064000E+02 1.857365E-01 +/-  6.418168E-03
4.080000E+02 1.699351E-01 +/-  5.812214E-03
4.096000E+02 1.637271E-01 +/-  5.527629E-03
4.112000E+02 1.632860E-01 +/-  5.655863E-03
4.128000E+02 1.605660E-01 +/-  5.466785E-03
4.144000E+02 1.694314E-01 +/-  5.597995E-03
4.160000E+02 1.721317E-01 +/-  5.808429E-03
4.176000E+02 1.662205E-01 +/-  5.591842E-03
4.192000E+02 1.524725E-01 +/-  5.176572E-03
4.208000E+02 1.594738E-01 +/-  5.338815E-03
4.224000E+02 1.454986E-01 +/-  4.883804E-03
4.240000E+02 1.493248E-01 +/-  5.015304E-03
4.256000E+02 1.459861E-01 +/-  4.891631E-03
4.272000E+02 1.437230E-01 +/-  4.824781E-03
4.288000E+02 1.459226E-01 +/-  4.826853E-03
4.304000E+02 1.410452E-01 +/-  4.724795E-03
4.320000E+02 1.351794E-01 +/-  4.510835E-03
4.336000E+02 1.390963E-01 +/-  4.540428E-03
4.352000E+02 1.368298E-01 +/-  4.444457E-03
4.368000E+02 1.283943E-01 +/-  4.275134E-03
4.384000E+02 1.273892E-01 +/-  4.178225E-03
4.400000E+02 1.240279E-01 +/-  4.142688E-03
4.416000E+02 1.253789E-01 +/-  4.064234E-03
4.432000E+02 1.306889E-01 +/-  4.319956E-03
4.448000E+02 1.238578E-01 +/-  4.058734E-03
4.464000E+02 1.235655E-01 +/-  4.016015E-03
4.480000E+02 1.178844E-01 +/-  3.894951E-03
4.496000E+02 1.149961E-01 +/-  3.717420E-03
4.512000E+02 1.191839E-01 +/-  3.889995E-03
4.528000E+02 1.119638E-01 +/-  3.656559E-03
4.544000E+02 1.108280E-01 +/-  3.643619E-03
4.560000E+02 1.175807E-01 +/-  3.682091E-03
4.576000E+02 1.073829E-01 +/-  3.471753E-03
4.592000E+02 1.077388E-01 +/-  3.469610E-03
4.608000E+02 9.918465E-02 +/-  3.196662E-03
4.624000E+02 1.054874E-01 +/-  3.403293E-03
4.640000E+02 1.008137E-01 +/-  3.246342E-03
4.656000E+02 1.012148E-01 +/-  3.223654E-03
4.672000E+02 9.759237E-02 +/-  3.126793E-03
4.688000E+02 9.708048E-02 +/-  3.129068E-03
4.704000E+02 9.834220E-02 +/-  3.149881E-03
4.720000E+02 9.806360E-02 +/-  3.178986E-03
4.736000E+02 9.814376E-02 +/-  3.102341E-03
4.752000E+02 9.290147E-02 +/-  2.936635E-03
4.768000E+02 8.899893E-02 +/-  2.885154E-03
4.784000E+02 9.290697E-02 +/-  2.994246E-03
4.800000E+02 8.750236E-02 +/-  2.775946E-03
4.816000E+02 8.460117E-02 +/-  2.651458E-03
4.832000E+02 8.427306E-02 +/-  2.648414E-03
4.848000E+02 8.525670E-02 +/-  2.643928E-03
4.864000E+02 8.446579E-02 +/-  2.645341E-03
4.880000E+02 8.103452E-02 +/-  2.594371E-03
4.896000E+02 8.358285E-02 +/-  2.607114E-03
4.912000E+02 8.539083E-02 +/-  2.611662E-03
4.928000E+02 7.427527E-02 +/-  2.369099E-03
4.944000E+02 7.807076E-02 +/-  2.460732E-03
4.960000E+02 7.676940E-02 +/-  2.413481E-03
4.976000E+02 7.211663E-02 +/-  2.283964E-03
4.992000E+02 7.406884E-02 +/-  2.308003E-03
