 u,U -> e,E
x-axis: "Mass{p3+p4}]"  from 20.000000 to 400.000000 N_bins= 300
Diff. cross section [pb/GeV]
2.063333E+01 7.540720E+00 +/-  2.048856E-01
2.190000E+01 7.772158E+00 +/-  2.050005E-01
2.316667E+01 7.554964E+00 +/-  1.963419E-01
2.443333E+01 8.225096E+00 +/-  2.040958E-01
2.570000E+01 8.087247E+00 +/-  1.987528E-01
2.696667E+01 8.164078E+00 +/-  1.959481E-01
2.823333E+01 8.864330E+00 +/-  2.036580E-01
2.950000E+01 8.610502E+00 +/-  1.978646E-01
3.076667E+01 8.815359E+00 +/-  1.969931E-01
3.203333E+01 9.399360E+00 +/-  2.008594E-01
3.330000E+01 9.643655E+00 +/-  2.023007E-01
3.456667E+01 9.817915E+00 +/-  2.047053E-01
3.583333E+01 9.857638E+00 +/-  2.041716E-01
3.710000E+01 1.052085E+01 +/-  2.100590E-01
3.836667E+01 1.013491E+01 +/-  2.029265E-01
3.963333E+01 1.067922E+01 +/-  2.091651E-01
4.090000E+01 1.093537E+01 +/-  2.110270E-01
4.216667E+01 1.170497E+01 +/-  2.209139E-01
4.343333E+01 1.174296E+01 +/-  2.200700E-01
4.470000E+01 1.296581E+01 +/-  2.341522E-01
4.596667E+01 1.275331E+01 +/-  2.301779E-01
4.723333E+01 1.337240E+01 +/-  2.389559E-01
4.850000E+01 1.401988E+01 +/-  2.467610E-01
4.976667E+01 1.433839E+01 +/-  2.504918E-01
5.103333E+01 1.546216E+01 +/-  2.654670E-01
5.230000E+01 1.601643E+01 +/-  2.698883E-01
5.356667E+01 1.671518E+01 +/-  2.802531E-01
5.483333E+01 1.782709E+01 +/-  2.916470E-01
5.610000E+01 1.910523E+01 +/-  2.947066E-01
5.736667E+01 1.955033E+01 +/-  3.009996E-01
5.863333E+01 2.079629E+01 +/-  3.051418E-01
5.990000E+01 2.276492E+01 +/-  3.176231E-01
6.116667E+01 2.359022E+01 +/-  3.264045E-01
6.243333E+01 2.521090E+01 +/-  3.298361E-01
6.370000E+01 2.709436E+01 +/-  3.299542E-01
6.496667E+01 3.046421E+01 +/-  3.657594E-01
6.623333E+01 3.176954E+01 +/-  3.648902E-01
6.750000E+01 3.479988E+01 +/-  3.573752E-01
6.876667E+01 3.875457E+01 +/-  3.998769E-01
7.003333E+01 4.244500E+01 +/-  4.353130E-01
7.130000E+01 4.762762E+01 +/-  4.799051E-01
7.256667E+01 5.359415E+01 +/-  5.256476E-01
7.383333E+01 6.105833E+01 +/-  5.914346E-01
7.510000E+01 6.959367E+01 +/-  6.694247E-01
7.636667E+01 8.106188E+01 +/-  7.670542E-01
7.763333E+01 9.516950E+01 +/-  8.623653E-01
7.890000E+01 1.147177E+02 +/-  1.041804E+00
8.016667E+01 1.393159E+02 +/-  1.204260E+00
8.143333E+01 1.740230E+02 +/-  1.507540E+00
8.270000E+01 2.247164E+02 +/-  1.878288E+00
8.396667E+01 3.034600E+02 +/-  2.414473E+00
8.523333E+01 4.376248E+02 +/-  3.465443E+00
8.650000E+01 6.849347E+02 +/-  5.330337E+00
8.776667E+01 1.219562E+03 +/-  9.384894E+00
8.903333E+01 2.600021E+03 +/-  1.923889E+01
9.030000E+01 6.762532E+03 +/-  5.072490E+01
9.156667E+01 8.665946E+03 +/-  6.132798E+01
9.283333E+01 3.724951E+03 +/-  2.742447E+01
9.410000E+01 1.524326E+03 +/-  1.154109E+01
9.536667E+01 7.783210E+02 +/-  5.687812E+00
9.663333E+01 4.629163E+02 +/-  3.508495E+00
9.790000E+01 3.035245E+02 +/-  2.305998E+00
9.916667E+01 2.109529E+02 +/-  1.619097E+00
1.004333E+02 1.563087E+02 +/-  1.240952E+00
1.017000E+02 1.202312E+02 +/-  9.487526E-01
1.029667E+02 9.373060E+01 +/-  7.484006E-01
1.042333E+02 7.650992E+01 +/-  7.335532E-01
1.055000E+02 6.192892E+01 +/-  5.958268E-01
1.067667E+02 5.263200E+01 +/-  5.030354E-01
1.080333E+02 4.410189E+01 +/-  4.218019E-01
1.093000E+02 3.801121E+01 +/-  3.633024E-01
1.105667E+02 3.191539E+01 +/-  3.623528E-01
1.118333E+02 2.856638E+01 +/-  3.238027E-01
1.131000E+02 2.478331E+01 +/-  2.865256E-01
1.143667E+02 2.172914E+01 +/-  2.727805E-01
1.156333E+02 1.950000E+01 +/-  2.440404E-01
1.169000E+02 1.733253E+01 +/-  2.160735E-01
1.181667E+02 1.539792E+01 +/-  1.909026E-01
1.194333E+02 1.398437E+01 +/-  1.809329E-01
1.207000E+02 1.277269E+01 +/-  1.670971E-01
1.219667E+02 1.149410E+01 +/-  1.491520E-01
1.232333E+02 1.053081E+01 +/-  3.308439E-01
1.245000E+02 9.506214E+00 +/-  3.070374E-01
1.257667E+02 8.750150E+00 +/-  2.913307E-01
1.270333E+02 8.478215E+00 +/-  2.839611E-01
1.283000E+02 7.342385E+00 +/-  2.347279E-01
1.295667E+02 7.125168E+00 +/-  2.357820E-01
1.308333E+02 6.555094E+00 +/-  2.195458E-01
1.321000E+02 5.812877E+00 +/-  1.947984E-01
1.333667E+02 5.537157E+00 +/-  1.804902E-01
1.346333E+02 4.928596E+00 +/-  1.590583E-01
1.359000E+02 4.895872E+00 +/-  1.646585E-01
1.371667E+02 4.773410E+00 +/-  1.713537E-01
1.384333E+02 4.224520E+00 +/-  1.605752E-01
1.397000E+02 3.798998E+00 +/-  1.622322E-01
1.409667E+02 3.448679E+00 +/-  1.505242E-01
1.422333E+02 3.483142E+00 +/-  1.470475E-01
1.435000E+02 3.440068E+00 +/-  1.456918E-01
1.447667E+02 3.050401E+00 +/-  1.293495E-01
1.460333E+02 3.010667E+00 +/-  1.278622E-01
1.473000E+02 2.598923E+00 +/-  1.095607E-01
1.485667E+02 2.537689E+00 +/-  1.070601E-01
1.498333E+02 2.401122E+00 +/-  9.767919E-02
1.511000E+02 2.142040E+00 +/-  8.707091E-02
1.523667E+02 2.219148E+00 +/-  9.193513E-02
1.536333E+02 2.010744E+00 +/-  8.033892E-02
1.549000E+02 1.991970E+00 +/-  8.189758E-02
1.561667E+02 1.886879E+00 +/-  7.500985E-02
1.574333E+02 1.758019E+00 +/-  7.281185E-02
1.587000E+02 1.682192E+00 +/-  6.763490E-02
1.599667E+02 1.673640E+00 +/-  6.778935E-02
1.612333E+02 1.688124E+00 +/-  6.820751E-02
1.625000E+02 1.641416E+00 +/-  6.426483E-02
1.637667E+02 1.451065E+00 +/-  5.800759E-02
1.650333E+02 1.313711E+00 +/-  5.238112E-02
1.663000E+02 1.327788E+00 +/-  5.206387E-02
1.675667E+02 1.154009E+00 +/-  4.469841E-02
1.688333E+02 1.208754E+00 +/-  4.734049E-02
1.701000E+02 1.183059E+00 +/-  4.700008E-02
1.713667E+02 1.048503E+00 +/-  4.108343E-02
1.726333E+02 1.035184E+00 +/-  3.848813E-02
1.739000E+02 1.076655E+00 +/-  4.109143E-02
1.751667E+02 9.622835E-01 +/-  3.700731E-02
1.764333E+02 9.266514E-01 +/-  3.575883E-02
1.777000E+02 9.222024E-01 +/-  3.539785E-02
1.789667E+02 8.295869E-01 +/-  3.097460E-02
1.802333E+02 8.506122E-01 +/-  3.260751E-02
1.815000E+02 8.346862E-01 +/-  3.113731E-02
1.827667E+02 7.500004E-01 +/-  3.021358E-02
1.840333E+02 7.448619E-01 +/-  3.013786E-02
1.853000E+02 7.182810E-01 +/-  2.804109E-02
1.865667E+02 7.024581E-01 +/-  2.734216E-02
1.878333E+02 6.548773E-01 +/-  2.563871E-02
1.891000E+02 5.968352E-01 +/-  2.316324E-02
1.903667E+02 6.582015E-01 +/-  2.542493E-02
1.916333E+02 5.675310E-01 +/-  2.212486E-02
1.929000E+02 6.171109E-01 +/-  2.348630E-02
1.941667E+02 5.441470E-01 +/-  2.064557E-02
1.954333E+02 5.593221E-01 +/-  2.131822E-02
1.967000E+02 5.134556E-01 +/-  1.970815E-02
1.979667E+02 5.213971E-01 +/-  1.948488E-02
1.992333E+02 4.912254E-01 +/-  1.842300E-02
2.005000E+02 4.607710E-01 +/-  1.718365E-02
2.017667E+02 4.373519E-01 +/-  1.685655E-02
2.030333E+02 4.386701E-01 +/-  1.656590E-02
2.043000E+02 4.605725E-01 +/-  1.721688E-02
2.055667E+02 4.184723E-01 +/-  1.560737E-02
2.068333E+02 4.005098E-01 +/-  1.455632E-02
2.081000E+02 3.838726E-01 +/-  1.446668E-02
2.093667E+02 3.531075E-01 +/-  1.303608E-02
2.106333E+02 3.676084E-01 +/-  1.363229E-02
2.119000E+02 3.534407E-01 +/-  1.306199E-02
2.131667E+02 3.222653E-01 +/-  1.186000E-02
2.144333E+02 3.297007E-01 +/-  1.183766E-02
2.157000E+02 3.239191E-01 +/-  1.196625E-02
2.169667E+02 3.294846E-01 +/-  1.209617E-02
2.182333E+02 3.078449E-01 +/-  1.109279E-02
2.195000E+02 2.907779E-01 +/-  1.054321E-02
2.207667E+02 2.978643E-01 +/-  1.071583E-02
2.220333E+02 2.691251E-01 +/-  9.750441E-03
2.233000E+02 2.570320E-01 +/-  9.548338E-03
2.245667E+02 2.521023E-01 +/-  9.084190E-03
2.258333E+02 2.519092E-01 +/-  9.082517E-03
2.271000E+02 2.344462E-01 +/-  8.492843E-03
2.283667E+02 2.591563E-01 +/-  9.202024E-03
2.296333E+02 2.409030E-01 +/-  8.406327E-03
2.309000E+02 2.349877E-01 +/-  8.225479E-03
2.321667E+02 2.151861E-01 +/-  7.580884E-03
2.334333E+02 2.325952E-01 +/-  8.125686E-03
2.347000E+02 2.138932E-01 +/-  7.489654E-03
2.359667E+02 2.091355E-01 +/-  7.274418E-03
2.372333E+02 2.137062E-01 +/-  7.563654E-03
2.385000E+02 1.918010E-01 +/-  6.755248E-03
2.397667E+02 1.866766E-01 +/-  6.488426E-03
2.410333E+02 1.868419E-01 +/-  6.381455E-03
2.423000E+02 1.793825E-01 +/-  6.132077E-03
2.435667E+02 2.040627E-01 +/-  6.915648E-03
2.448333E+02 1.858982E-01 +/-  6.365280E-03
2.461000E+02 1.808655E-01 +/-  6.230964E-03
2.473667E+02 1.648812E-01 +/-  5.701781E-03
2.486333E+02 1.594186E-01 +/-  5.452240E-03
2.499000E+02 1.474910E-01 +/-  5.098084E-03
2.511667E+02 1.539640E-01 +/-  5.250729E-03
2.524333E+02 1.530617E-01 +/-  5.292018E-03
2.537000E+02 1.508855E-01 +/-  5.125267E-03
2.549667E+02 1.550952E-01 +/-  5.246227E-03
2.562333E+02 1.481841E-01 +/-  5.055132E-03
2.575000E+02 1.462095E-01 +/-  4.832872E-03
2.587667E+02 1.335768E-01 +/-  4.465747E-03
2.600333E+02 1.299426E-01 +/-  4.425045E-03
2.613000E+02 1.324177E-01 +/-  4.341890E-03
2.625667E+02 1.267285E-01 +/-  4.206231E-03
2.638333E+02 1.298237E-01 +/-  4.267614E-03
2.651000E+02 1.202996E-01 +/-  4.033587E-03
2.663667E+02 1.184201E-01 +/-  3.967625E-03
2.676333E+02 1.097387E-01 +/-  3.662207E-03
2.689000E+02 1.197792E-01 +/-  3.933360E-03
2.701667E+02 1.124854E-01 +/-  3.700046E-03
2.714333E+02 1.099082E-01 +/-  3.642942E-03
2.727000E+02 1.044907E-01 +/-  3.487951E-03
2.739667E+02 1.072800E-01 +/-  3.470520E-03
2.752333E+02 1.007869E-01 +/-  3.322377E-03
2.765000E+02 9.891212E-02 +/-  3.336314E-03
2.777667E+02 9.461764E-02 +/-  3.269759E-03
2.790333E+02 9.173048E-02 +/-  3.122674E-03
2.803000E+02 9.297206E-02 +/-  3.203370E-03
2.815667E+02 9.344381E-02 +/-  3.176398E-03
2.828333E+02 8.585854E-02 +/-  2.930347E-03
2.841000E+02 8.626262E-02 +/-  2.962867E-03
2.853667E+02 8.516207E-02 +/-  2.894209E-03
2.866333E+02 8.493366E-02 +/-  2.917329E-03
2.879000E+02 8.245818E-02 +/-  2.856418E-03
2.891667E+02 7.822679E-02 +/-  2.636039E-03
2.904333E+02 7.866046E-02 +/-  2.635517E-03
2.917000E+02 7.761685E-02 +/-  2.601741E-03
2.929667E+02 7.958864E-02 +/-  2.660526E-03
2.942333E+02 7.377470E-02 +/-  2.516394E-03
2.955000E+02 7.804056E-02 +/-  2.594676E-03
2.967667E+02 7.050270E-02 +/-  2.324227E-03
2.980333E+02 7.189655E-02 +/-  2.389439E-03
2.993000E+02 6.882745E-02 +/-  2.322689E-03
3.005667E+02 6.240674E-02 +/-  2.122297E-03
3.018333E+02 6.967527E-02 +/-  2.284224E-03
3.031000E+02 6.867734E-02 +/-  2.271207E-03
3.043667E+02 6.224776E-02 +/-  2.079141E-03
3.056333E+02 6.188947E-02 +/-  2.017121E-03
3.069000E+02 5.845380E-02 +/-  1.944018E-03
3.081667E+02 6.015192E-02 +/-  2.002351E-03
3.094333E+02 5.696554E-02 +/-  1.886490E-03
3.107000E+02 5.767348E-02 +/-  1.876752E-03
3.119667E+02 5.609610E-02 +/-  1.843400E-03
3.132333E+02 6.032826E-02 +/-  1.933857E-03
3.145000E+02 5.440461E-02 +/-  1.768291E-03
3.157667E+02 5.561743E-02 +/-  1.794660E-03
3.170333E+02 5.318677E-02 +/-  1.710273E-03
3.183000E+02 4.927002E-02 +/-  1.596727E-03
3.195667E+02 5.152458E-02 +/-  1.683289E-03
3.208333E+02 5.009703E-02 +/-  1.637301E-03
3.221000E+02 4.858850E-02 +/-  1.570456E-03
3.233667E+02 4.669868E-02 +/-  1.512619E-03
3.246333E+02 4.824894E-02 +/-  1.553445E-03
3.259000E+02 5.048286E-02 +/-  1.599399E-03
3.271667E+02 4.448782E-02 +/-  1.423148E-03
3.284333E+02 4.427363E-02 +/-  1.412696E-03
3.297000E+02 4.743258E-02 +/-  1.480916E-03
3.309667E+02 4.294383E-02 +/-  1.363523E-03
3.322333E+02 4.434936E-02 +/-  1.403097E-03
3.335000E+02 4.341483E-02 +/-  1.367341E-03
3.347667E+02 4.241074E-02 +/-  1.354609E-03
3.360333E+02 3.942210E-02 +/-  1.270237E-03
3.373000E+02 4.083542E-02 +/-  1.285998E-03
3.385667E+02 3.960452E-02 +/-  1.247234E-03
3.398333E+02 3.847955E-02 +/-  1.208530E-03
3.411000E+02 3.693741E-02 +/-  1.162707E-03
3.423667E+02 3.764251E-02 +/-  1.190050E-03
3.436333E+02 3.483595E-02 +/-  1.098841E-03
3.449000E+02 3.869574E-02 +/-  1.201892E-03
3.461667E+02 3.844602E-02 +/-  1.188392E-03
3.474333E+02 3.360749E-02 +/-  1.056306E-03
3.487000E+02 3.361281E-02 +/-  1.062797E-03
3.499667E+02 3.537960E-02 +/-  1.086516E-03
3.512333E+02 3.254724E-02 +/-  1.007399E-03
3.525000E+02 3.469936E-02 +/-  1.079004E-03
3.537667E+02 3.322444E-02 +/-  1.009633E-03
3.550333E+02 3.224383E-02 +/-  9.768131E-04
3.563000E+02 3.203809E-02 +/-  9.962116E-04
3.575667E+02 3.073848E-02 +/-  9.487288E-04
3.588333E+02 3.085201E-02 +/-  9.482215E-04
3.601000E+02 3.167668E-02 +/-  9.590153E-04
3.613667E+02 2.896529E-02 +/-  9.019907E-04
3.626333E+02 2.878403E-02 +/-  8.860593E-04
3.639000E+02 2.766278E-02 +/-  8.598835E-04
3.651667E+02 2.884296E-02 +/-  8.719400E-04
3.664333E+02 2.878534E-02 +/-  8.786774E-04
3.677000E+02 2.779876E-02 +/-  8.367867E-04
3.689667E+02 2.587009E-02 +/-  7.929314E-04
3.702333E+02 2.601203E-02 +/-  7.952027E-04
3.715000E+02 2.616912E-02 +/-  7.840616E-04
3.727667E+02 2.631563E-02 +/-  7.980745E-04
3.740333E+02 2.531752E-02 +/-  7.805907E-04
3.753000E+02 2.495663E-02 +/-  7.374619E-04
3.765667E+02 2.465480E-02 +/-  7.561655E-04
3.778333E+02 2.371187E-02 +/-  7.109483E-04
3.791000E+02 2.352248E-02 +/-  7.051296E-04
3.803667E+02 2.208574E-02 +/-  6.651449E-04
3.816333E+02 2.379469E-02 +/-  7.023805E-04
3.829000E+02 2.210128E-02 +/-  6.678001E-04
3.841667E+02 2.357128E-02 +/-  6.970507E-04
3.854333E+02 2.229191E-02 +/-  6.614517E-04
3.867000E+02 2.099285E-02 +/-  6.173161E-04
3.879667E+02 2.059387E-02 +/-  6.224887E-04
3.892333E+02 1.985795E-02 +/-  6.003760E-04
3.905000E+02 2.067792E-02 +/-  6.076063E-04
3.917667E+02 2.053480E-02 +/-  6.052362E-04
3.930333E+02 1.980766E-02 +/-  5.931197E-04
3.943000E+02 2.082586E-02 +/-  6.115518E-04
3.955667E+02 2.001265E-02 +/-  5.846467E-04
3.968333E+02 1.981948E-02 +/-  5.777172E-04
3.981000E+02 1.852737E-02 +/-  5.494574E-04
3.993667E+02 1.888258E-02 +/-  5.505411E-04
