 u,U -> u,U
x-axis: "Mass{p3+p4}]"  from 20.000000 to 200.000000 N_bins= 300
Diff. cross section [pb/GeV]
2.030000E+01 2.481800E-01 +/-  3.955197E-03
2.090000E+01 2.516686E-01 +/-  4.011361E-03
2.150000E+01 2.539086E-01 +/-  4.038033E-03
2.210000E+01 2.552042E-01 +/-  3.850299E-03
2.270000E+01 2.566850E-01 +/-  3.860378E-03
2.330000E+01 2.628400E-01 +/-  3.932746E-03
2.390000E+01 2.623167E-01 +/-  3.892696E-03
2.450000E+01 2.634027E-01 +/-  3.798246E-03
2.510000E+01 2.741496E-01 +/-  3.947400E-03
2.570000E+01 2.702055E-01 +/-  3.823916E-03
2.630000E+01 2.713008E-01 +/-  3.701917E-03
2.690000E+01 2.713896E-01 +/-  3.893291E-03
2.750000E+01 2.770572E-01 +/-  3.817271E-03
2.810000E+01 2.877087E-01 +/-  3.906641E-03
2.870000E+01 2.858516E-01 +/-  3.808532E-03
2.930000E+01 2.882970E-01 +/-  3.898559E-03
2.990000E+01 2.917608E-01 +/-  3.938592E-03
3.050000E+01 3.011577E-01 +/-  3.973754E-03
3.110000E+01 3.003914E-01 +/-  4.018927E-03
3.170000E+01 2.986556E-01 +/-  3.855218E-03
3.230000E+01 3.078228E-01 +/-  3.994855E-03
3.290000E+01 3.054166E-01 +/-  3.877337E-03
3.350000E+01 3.144709E-01 +/-  4.063129E-03
3.410000E+01 3.169188E-01 +/-  3.954672E-03
3.470000E+01 3.242854E-01 +/-  4.032368E-03
3.530000E+01 3.238326E-01 +/-  3.968132E-03
3.590000E+01 3.352833E-01 +/-  4.115378E-03
3.650000E+01 3.370707E-01 +/-  4.049608E-03
3.710000E+01 3.316641E-01 +/-  3.950584E-03
3.770000E+01 3.449315E-01 +/-  4.136870E-03
3.830000E+01 3.427697E-01 +/-  4.008766E-03
3.890000E+01 3.519450E-01 +/-  4.085562E-03
3.950000E+01 3.493124E-01 +/-  4.042478E-03
4.010000E+01 3.609934E-01 +/-  4.167342E-03
4.070000E+01 3.673298E-01 +/-  4.159750E-03
4.130000E+01 3.686607E-01 +/-  4.218646E-03
4.190000E+01 3.819122E-01 +/-  4.284962E-03
4.250000E+01 3.824850E-01 +/-  4.267729E-03
4.310000E+01 3.902978E-01 +/-  4.305812E-03
4.370000E+01 3.968319E-01 +/-  4.420941E-03
4.430000E+01 4.056396E-01 +/-  4.454566E-03
4.490000E+01 4.148985E-01 +/-  4.513241E-03
4.550000E+01 4.168553E-01 +/-  4.480006E-03
4.610000E+01 4.160852E-01 +/-  4.647589E-03
4.670000E+01 4.376861E-01 +/-  4.601100E-03
4.730000E+01 4.472932E-01 +/-  4.747673E-03
4.790000E+01 4.439874E-01 +/-  4.697872E-03
4.850000E+01 4.677396E-01 +/-  4.880299E-03
4.910000E+01 4.716082E-01 +/-  4.921334E-03
4.970000E+01 4.850052E-01 +/-  4.995493E-03
5.030000E+01 4.990592E-01 +/-  5.208196E-03
5.090000E+01 4.984675E-01 +/-  4.995650E-03
5.150000E+01 5.139111E-01 +/-  5.281259E-03
5.210000E+01 5.211230E-01 +/-  5.291381E-03
5.270000E+01 5.275243E-01 +/-  5.275015E-03
5.330000E+01 5.505788E-01 +/-  5.512146E-03
5.390000E+01 5.614162E-01 +/-  5.592547E-03
5.450000E+01 5.734590E-01 +/-  5.613191E-03
5.510000E+01 5.916655E-01 +/-  5.922206E-03
5.570000E+01 6.133221E-01 +/-  6.080207E-03
5.630000E+01 6.150803E-01 +/-  5.797169E-03
5.690000E+01 6.387848E-01 +/-  6.240413E-03
5.750000E+01 6.531266E-01 +/-  6.253278E-03
5.810000E+01 6.739898E-01 +/-  6.374312E-03
5.870000E+01 6.882355E-01 +/-  6.412837E-03
5.930000E+01 7.205167E-01 +/-  6.877940E-03
5.990000E+01 7.360574E-01 +/-  6.906634E-03
6.050000E+01 7.670664E-01 +/-  6.984268E-03
6.110000E+01 7.824250E-01 +/-  6.966728E-03
6.170000E+01 8.111030E-01 +/-  7.238050E-03
6.230000E+01 8.324521E-01 +/-  7.421075E-03
6.290000E+01 8.596111E-01 +/-  7.458605E-03
6.350000E+01 8.794594E-01 +/-  7.557333E-03
6.410000E+01 9.249218E-01 +/-  8.035078E-03
6.470000E+01 9.665094E-01 +/-  8.232627E-03
6.530000E+01 1.018669E+00 +/-  8.801781E-03
6.590000E+01 1.043461E+00 +/-  8.838797E-03
6.650000E+01 1.088827E+00 +/-  9.061528E-03
6.710000E+01 1.160793E+00 +/-  9.706849E-03
6.770000E+01 1.185215E+00 +/-  9.956093E-03
6.830000E+01 1.213634E+00 +/-  9.808857E-03
6.890000E+01 1.287260E+00 +/-  1.040492E-02
6.950000E+01 1.345744E+00 +/-  1.091779E-02
7.010000E+01 1.435002E+00 +/-  1.170970E-02
7.070000E+01 1.490994E+00 +/-  1.212234E-02
7.130000E+01 1.557084E+00 +/-  1.237670E-02
7.190000E+01 1.657604E+00 +/-  1.354906E-02
7.250000E+01 1.761824E+00 +/-  1.430127E-02
7.310000E+01 1.857370E+00 +/-  1.493525E-02
7.370000E+01 1.975104E+00 +/-  1.596898E-02
7.430000E+01 2.094052E+00 +/-  1.642355E-02
7.490000E+01 2.270919E+00 +/-  1.808573E-02
7.550000E+01 2.422041E+00 +/-  1.813313E-02
7.610000E+01 2.584280E+00 +/-  1.976857E-02
7.670000E+01 2.746813E+00 +/-  2.001961E-02
7.730000E+01 2.969319E+00 +/-  2.195284E-02
7.790000E+01 3.231084E+00 +/-  2.397741E-02
7.850000E+01 3.529847E+00 +/-  2.607574E-02
7.910000E+01 3.818931E+00 +/-  2.741890E-02
7.970000E+01 4.249888E+00 +/-  3.061124E-02
8.030000E+01 4.672331E+00 +/-  3.377687E-02
8.090000E+01 5.193801E+00 +/-  3.725034E-02
8.150000E+01 5.895730E+00 +/-  4.231915E-02
8.210000E+01 6.526906E+00 +/-  4.600465E-02
8.270000E+01 7.434193E+00 +/-  5.107728E-02
8.330000E+01 8.524215E+00 +/-  5.770825E-02
8.390000E+01 9.805362E+00 +/-  6.513506E-02
8.450000E+01 1.158634E+01 +/-  7.851806E-02
8.510000E+01 1.378117E+01 +/-  8.967651E-02
8.570000E+01 1.666059E+01 +/-  1.098235E-01
8.630000E+01 2.050919E+01 +/-  1.321885E-01
8.690000E+01 2.628982E+01 +/-  1.705717E-01
8.750000E+01 3.438032E+01 +/-  2.225523E-01
8.810000E+01 4.706001E+01 +/-  3.051147E-01
8.870000E+01 6.690232E+01 +/-  4.177581E-01
8.930000E+01 1.005313E+02 +/-  6.322032E-01
8.990000E+01 1.606674E+02 +/-  1.011770E+00
9.050000E+01 2.510628E+02 +/-  1.513837E+00
9.110000E+01 3.249376E+02 +/-  2.013390E+00
9.170000E+01 2.845509E+02 +/-  1.817822E+00
9.230000E+01 1.829225E+02 +/-  1.163619E+00
9.290000E+01 1.126875E+02 +/-  7.124032E-01
9.350000E+01 7.179332E+01 +/-  4.460525E-01
9.410000E+01 4.917773E+01 +/-  3.091531E-01
9.470000E+01 3.512969E+01 +/-  2.187933E-01
9.530000E+01 2.603555E+01 +/-  1.592667E-01
9.590000E+01 1.990095E+01 +/-  1.215780E-01
9.650000E+01 1.577384E+01 +/-  9.724332E-02
9.710000E+01 1.281151E+01 +/-  7.978236E-02
9.770000E+01 1.048367E+01 +/-  6.570336E-02
9.830000E+01 8.757183E+00 +/-  5.393549E-02
9.890000E+01 7.509942E+00 +/-  4.804041E-02
9.950000E+01 6.435661E+00 +/-  4.124285E-02
1.001000E+02 5.613287E+00 +/-  3.683964E-02
1.007000E+02 4.852761E+00 +/-  3.230888E-02
1.013000E+02 4.262723E+00 +/-  2.784071E-02
1.019000E+02 3.801575E+00 +/-  2.503386E-02
1.025000E+02 3.415095E+00 +/-  2.263417E-02
1.031000E+02 3.053654E+00 +/-  1.984859E-02
1.037000E+02 2.749898E+00 +/-  1.813110E-02
1.043000E+02 2.500255E+00 +/-  1.691244E-02
1.049000E+02 2.274354E+00 +/-  1.655077E-02
1.055000E+02 2.078911E+00 +/-  1.570068E-02
1.061000E+02 1.887794E+00 +/-  1.399629E-02
1.067000E+02 1.741653E+00 +/-  1.300013E-02
1.073000E+02 1.605382E+00 +/-  1.199954E-02
1.079000E+02 1.461431E+00 +/-  1.079179E-02
1.085000E+02 1.383261E+00 +/-  1.016131E-02
1.091000E+02 1.272801E+00 +/-  9.416679E-03
1.097000E+02 1.187119E+00 +/-  8.774408E-03
1.103000E+02 1.112893E+00 +/-  8.103138E-03
1.109000E+02 1.030933E+00 +/-  7.619164E-03
1.115000E+02 9.642556E-01 +/-  7.034906E-03
1.121000E+02 9.088404E-01 +/-  6.723486E-03
1.127000E+02 8.574338E-01 +/-  6.200168E-03
1.133000E+02 7.985178E-01 +/-  5.732867E-03
1.139000E+02 7.562435E-01 +/-  6.116967E-03
1.145000E+02 7.006091E-01 +/-  5.708416E-03
1.151000E+02 6.726898E-01 +/-  5.491891E-03
1.157000E+02 6.400237E-01 +/-  5.200742E-03
1.163000E+02 6.000121E-01 +/-  4.895494E-03
1.169000E+02 5.747291E-01 +/-  4.662039E-03
1.175000E+02 5.416213E-01 +/-  4.325796E-03
1.181000E+02 5.162056E-01 +/-  4.152164E-03
1.187000E+02 4.849968E-01 +/-  3.889859E-03
1.193000E+02 4.706550E-01 +/-  3.785977E-03
1.199000E+02 4.434384E-01 +/-  3.565297E-03
1.205000E+02 4.250082E-01 +/-  3.553756E-03
1.211000E+02 4.042445E-01 +/-  3.336827E-03
1.217000E+02 3.889624E-01 +/-  3.249811E-03
1.223000E+02 3.748921E-01 +/-  3.105331E-03
1.229000E+02 3.547607E-01 +/-  2.936380E-03
1.235000E+02 3.473140E-01 +/-  7.699572E-03
1.241000E+02 3.325136E-01 +/-  9.090837E-03
1.247000E+02 3.118741E-01 +/-  8.411752E-03
1.253000E+02 2.996984E-01 +/-  7.956915E-03
1.259000E+02 2.850532E-01 +/-  7.541917E-03
1.265000E+02 2.821401E-01 +/-  7.644501E-03
1.271000E+02 2.748003E-01 +/-  7.673148E-03
1.277000E+02 2.671025E-01 +/-  7.337453E-03
1.283000E+02 2.588401E-01 +/-  7.261763E-03
1.289000E+02 2.440660E-01 +/-  6.550355E-03
1.295000E+02 2.349725E-01 +/-  6.164722E-03
1.301000E+02 2.210845E-01 +/-  5.625397E-03
1.307000E+02 2.054511E-01 +/-  5.087946E-03
1.313000E+02 2.099515E-01 +/-  5.609006E-03
1.319000E+02 1.942058E-01 +/-  4.981281E-03
1.325000E+02 1.961611E-01 +/-  5.188656E-03
1.331000E+02 1.767860E-01 +/-  4.655889E-03
1.337000E+02 1.721752E-01 +/-  4.337346E-03
1.343000E+02 1.799195E-01 +/-  4.840552E-03
1.349000E+02 1.676423E-01 +/-  4.370034E-03
1.355000E+02 1.606709E-01 +/-  4.149286E-03
1.361000E+02 1.503451E-01 +/-  3.794189E-03
1.367000E+02 1.564902E-01 +/-  4.288127E-03
1.373000E+02 1.477962E-01 +/-  3.973881E-03
1.379000E+02 1.426231E-01 +/-  3.735704E-03
1.385000E+02 1.404004E-01 +/-  3.856003E-03
1.391000E+02 1.374583E-01 +/-  3.746196E-03
1.397000E+02 1.320854E-01 +/-  3.623918E-03
1.403000E+02 1.302803E-01 +/-  4.496477E-03
1.409000E+02 1.186782E-01 +/-  4.124756E-03
1.415000E+02 1.145394E-01 +/-  3.976345E-03
1.421000E+02 1.135499E-01 +/-  3.942052E-03
1.427000E+02 1.094166E-01 +/-  3.781654E-03
1.433000E+02 1.077474E-01 +/-  3.770970E-03
1.439000E+02 9.880488E-02 +/-  3.449956E-03
1.445000E+02 1.057272E-01 +/-  3.673042E-03
1.451000E+02 1.011776E-01 +/-  3.478319E-03
1.457000E+02 9.433359E-02 +/-  3.282492E-03
1.463000E+02 9.283703E-02 +/-  3.237070E-03
1.469000E+02 1.022678E-01 +/-  3.508660E-03
1.475000E+02 9.090283E-02 +/-  3.091250E-03
1.481000E+02 9.015316E-02 +/-  3.078483E-03
1.487000E+02 8.607511E-02 +/-  2.941187E-03
1.493000E+02 8.561534E-02 +/-  2.942086E-03
1.499000E+02 8.078483E-02 +/-  2.762349E-03
1.505000E+02 7.543241E-02 +/-  2.583773E-03
1.511000E+02 7.590057E-02 +/-  2.602026E-03
1.517000E+02 7.648024E-02 +/-  2.582833E-03
1.523000E+02 7.384125E-02 +/-  2.495176E-03
1.529000E+02 7.142412E-02 +/-  2.429588E-03
1.535000E+02 7.001217E-02 +/-  2.352995E-03
1.541000E+02 6.698933E-02 +/-  2.270867E-03
1.547000E+02 6.992634E-02 +/-  2.348762E-03
1.553000E+02 6.425794E-02 +/-  2.185521E-03
1.559000E+02 6.370629E-02 +/-  2.115373E-03
1.565000E+02 6.396333E-02 +/-  2.152162E-03
1.571000E+02 6.189876E-02 +/-  2.094834E-03
1.577000E+02 5.874638E-02 +/-  1.960885E-03
1.583000E+02 5.614444E-02 +/-  1.880904E-03
1.589000E+02 5.596855E-02 +/-  1.843794E-03
1.595000E+02 5.329336E-02 +/-  1.760012E-03
1.601000E+02 5.144901E-02 +/-  1.692009E-03
1.607000E+02 5.357980E-02 +/-  1.793173E-03
1.613000E+02 5.293184E-02 +/-  1.742013E-03
1.619000E+02 4.978943E-02 +/-  1.626045E-03
1.625000E+02 4.746079E-02 +/-  1.540277E-03
1.631000E+02 4.900666E-02 +/-  1.594245E-03
1.637000E+02 4.900853E-02 +/-  1.611720E-03
1.643000E+02 4.449594E-02 +/-  1.489815E-03
1.649000E+02 4.590013E-02 +/-  1.508310E-03
1.655000E+02 4.404518E-02 +/-  1.442680E-03
1.661000E+02 4.099474E-02 +/-  1.366179E-03
1.667000E+02 4.180243E-02 +/-  1.348438E-03
1.673000E+02 4.090560E-02 +/-  1.291161E-03
1.679000E+02 4.050593E-02 +/-  1.317720E-03
1.685000E+02 4.023701E-02 +/-  1.326908E-03
1.691000E+02 3.861621E-02 +/-  1.266233E-03
1.697000E+02 4.145929E-02 +/-  1.347414E-03
1.703000E+02 3.846707E-02 +/-  1.226756E-03
1.709000E+02 3.795368E-02 +/-  1.212944E-03
1.715000E+02 3.585974E-02 +/-  1.165983E-03
1.721000E+02 3.491161E-02 +/-  1.121659E-03
1.727000E+02 3.581028E-02 +/-  1.166049E-03
1.733000E+02 3.281856E-02 +/-  1.045513E-03
1.739000E+02 3.281620E-02 +/-  1.044088E-03
1.745000E+02 3.290071E-02 +/-  1.057297E-03
1.751000E+02 3.169790E-02 +/-  1.002011E-03
1.757000E+02 3.174344E-02 +/-  1.008288E-03
1.763000E+02 3.158759E-02 +/-  1.010998E-03
1.769000E+02 3.095046E-02 +/-  9.920741E-04
1.775000E+02 3.207857E-02 +/-  1.016036E-03
1.781000E+02 2.744998E-02 +/-  8.584398E-04
1.787000E+02 2.947259E-02 +/-  9.286663E-04
1.793000E+02 2.773674E-02 +/-  8.778791E-04
1.799000E+02 2.850715E-02 +/-  9.006997E-04
1.805000E+02 2.836619E-02 +/-  8.968593E-04
1.811000E+02 2.618762E-02 +/-  8.150816E-04
1.817000E+02 2.524223E-02 +/-  7.892596E-04
1.823000E+02 2.657996E-02 +/-  8.398037E-04
1.829000E+02 2.722062E-02 +/-  8.499803E-04
1.835000E+02 2.488401E-02 +/-  7.768182E-04
1.841000E+02 2.379674E-02 +/-  7.444668E-04
1.847000E+02 2.529089E-02 +/-  7.815495E-04
1.853000E+02 2.288369E-02 +/-  7.102607E-04
1.859000E+02 2.345826E-02 +/-  7.181333E-04
1.865000E+02 2.445860E-02 +/-  7.600332E-04
1.871000E+02 2.220060E-02 +/-  6.774830E-04
1.877000E+02 2.161898E-02 +/-  6.569625E-04
1.883000E+02 2.109760E-02 +/-  6.446178E-04
1.889000E+02 2.115939E-02 +/-  6.557801E-04
1.895000E+02 2.071158E-02 +/-  6.342527E-04
1.901000E+02 2.133012E-02 +/-  6.561643E-04
1.907000E+02 1.970154E-02 +/-  6.059394E-04
1.913000E+02 1.977559E-02 +/-  6.093073E-04
1.919000E+02 1.985843E-02 +/-  5.987179E-04
1.925000E+02 1.705689E-02 +/-  5.147552E-04
1.931000E+02 1.809671E-02 +/-  5.322613E-04
1.937000E+02 1.777649E-02 +/-  5.283128E-04
1.943000E+02 1.801125E-02 +/-  5.447580E-04
1.949000E+02 1.770200E-02 +/-  5.357818E-04
1.955000E+02 1.834880E-02 +/-  5.569697E-04
1.961000E+02 1.763637E-02 +/-  5.367283E-04
1.967000E+02 1.708377E-02 +/-  5.160451E-04
1.973000E+02 1.712858E-02 +/-  5.122220E-04
1.979000E+02 1.643334E-02 +/-  5.005940E-04
1.985000E+02 1.680562E-02 +/-  5.054374E-04
1.991000E+02 1.633231E-02 +/-  4.828274E-04
1.997000E+02 1.508855E-02 +/-  4.594494E-04
