 u,U -> d,D
x-axis: "Mass{p3+p4}]"  from 20.000000 to 500.000000 N_bins= 300
Diff. cross section [pb/GeV]
2.080000E+01 0.000000E+00 +/-  0.000000E+00
2.240000E+01 0.000000E+00 +/-  0.000000E+00
2.400000E+01 0.000000E+00 +/-  0.000000E+00
2.560000E+01 0.000000E+00 +/-  0.000000E+00
2.720000E+01 0.000000E+00 +/-  0.000000E+00
2.880000E+01 0.000000E+00 +/-  0.000000E+00
3.040000E+01 0.000000E+00 +/-  0.000000E+00
3.200000E+01 0.000000E+00 +/-  0.000000E+00
3.360000E+01 0.000000E+00 +/-  0.000000E+00
3.520000E+01 0.000000E+00 +/-  0.000000E+00
3.680000E+01 0.000000E+00 +/-  0.000000E+00
3.840000E+01 0.000000E+00 +/-  0.000000E+00
4.000000E+01 0.000000E+00 +/-  0.000000E+00
4.160000E+01 0.000000E+00 +/-  0.000000E+00
4.320000E+01 0.000000E+00 +/-  0.000000E+00
4.480000E+01 0.000000E+00 +/-  0.000000E+00
4.640000E+01 0.000000E+00 +/-  0.000000E+00
4.800000E+01 0.000000E+00 +/-  0.000000E+00
4.960000E+01 0.000000E+00 +/-  0.000000E+00
5.120000E+01 0.000000E+00 +/-  0.000000E+00
5.280000E+01 0.000000E+00 +/-  0.000000E+00
5.440000E+01 0.000000E+00 +/-  0.000000E+00
5.600000E+01 0.000000E+00 +/-  0.000000E+00
5.760000E+01 0.000000E+00 +/-  0.000000E+00
5.920000E+01 0.000000E+00 +/-  0.000000E+00
6.080000E+01 0.000000E+00 +/-  0.000000E+00
6.240000E+01 0.000000E+00 +/-  0.000000E+00
6.400000E+01 0.000000E+00 +/-  0.000000E+00
6.560000E+01 0.000000E+00 +/-  0.000000E+00
6.720000E+01 0.000000E+00 +/-  0.000000E+00
6.880000E+01 0.000000E+00 +/-  0.000000E+00
7.040000E+01 0.000000E+00 +/-  0.000000E+00
7.200000E+01 0.000000E+00 +/-  0.000000E+00
7.360000E+01 0.000000E+00 +/-  0.000000E+00
7.520000E+01 0.000000E+00 +/-  0.000000E+00
7.680000E+01 0.000000E+00 +/-  0.000000E+00
7.840000E+01 0.000000E+00 +/-  0.000000E+00
8.000000E+01 0.000000E+00 +/-  0.000000E+00
8.160000E+01 0.000000E+00 +/-  0.000000E+00
8.320000E+01 0.000000E+00 +/-  0.000000E+00
8.480000E+01 0.000000E+00 +/-  0.000000E+00
8.640000E+01 0.000000E+00 +/-  0.000000E+00
8.800000E+01 0.000000E+00 +/-  0.000000E+00
8.960000E+01 0.000000E+00 +/-  0.000000E+00
9.120000E+01 0.000000E+00 +/-  0.000000E+00
9.280000E+01 0.000000E+00 +/-  0.000000E+00
9.440000E+01 0.000000E+00 +/-  0.000000E+00
9.600000E+01 0.000000E+00 +/-  0.000000E+00
9.760000E+01 0.000000E+00 +/-  0.000000E+00
9.920000E+01 0.000000E+00 +/-  0.000000E+00
1.008000E+02 3.990908E-03 +/-  2.892161E-05
1.024000E+02 6.897316E-03 +/-  3.652935E-05
1.040000E+02 8.401140E-03 +/-  3.883079E-05
1.056000E+02 9.311529E-03 +/-  3.940342E-05
1.072000E+02 9.960436E-03 +/-  4.004565E-05
1.088000E+02 1.027322E-02 +/-  3.861879E-05
1.104000E+02 1.048233E-02 +/-  3.799516E-05
1.120000E+02 1.065296E-02 +/-  3.730095E-05
1.136000E+02 1.059946E-02 +/-  3.566258E-05
1.152000E+02 1.062319E-02 +/-  3.521732E-05
1.168000E+02 1.052499E-02 +/-  3.399196E-05
1.184000E+02 1.031868E-02 +/-  3.238918E-05
1.200000E+02 1.020983E-02 +/-  3.165443E-05
1.216000E+02 9.973302E-03 +/-  3.023317E-05
1.232000E+02 9.774308E-03 +/-  2.917402E-05
1.248000E+02 9.591273E-03 +/-  2.843384E-05
1.264000E+02 9.315015E-03 +/-  2.698197E-05
1.280000E+02 9.062916E-03 +/-  2.593246E-05
1.296000E+02 8.843285E-03 +/-  2.496324E-05
1.312000E+02 8.565417E-03 +/-  2.387727E-05
1.328000E+02 8.367551E-03 +/-  2.321957E-05
1.344000E+02 8.122338E-03 +/-  2.239714E-05
1.360000E+02 7.866732E-03 +/-  2.142495E-05
1.376000E+02 7.676661E-03 +/-  2.091691E-05
1.392000E+02 7.381738E-03 +/-  1.969560E-05
1.408000E+02 7.173307E-03 +/-  1.908433E-05
1.424000E+02 6.968056E-03 +/-  1.848713E-05
1.440000E+02 6.723545E-03 +/-  1.805895E-05
1.456000E+02 6.533443E-03 +/-  1.777611E-05
1.472000E+02 6.326891E-03 +/-  1.703323E-05
1.488000E+02 6.116183E-03 +/-  1.634865E-05
1.504000E+02 5.918799E-03 +/-  1.567494E-05
1.520000E+02 5.745273E-03 +/-  1.522680E-05
1.536000E+02 5.556787E-03 +/-  1.464150E-05
1.552000E+02 5.379338E-03 +/-  1.409393E-05
1.568000E+02 5.210130E-03 +/-  1.377098E-05
1.584000E+02 5.046695E-03 +/-  1.338349E-05
1.600000E+02 4.898454E-03 +/-  1.302856E-05
1.616000E+02 4.742186E-03 +/-  1.271022E-05
1.632000E+02 4.561257E-03 +/-  1.226484E-05
1.648000E+02 4.445313E-03 +/-  1.202680E-05
1.664000E+02 4.290142E-03 +/-  1.158486E-05
1.680000E+02 4.167876E-03 +/-  1.118968E-05
1.696000E+02 4.026382E-03 +/-  1.073221E-05
1.712000E+02 3.909897E-03 +/-  1.046283E-05
1.728000E+02 3.775746E-03 +/-  1.022514E-05
1.744000E+02 3.667213E-03 +/-  1.014415E-05
1.760000E+02 3.565578E-03 +/-  9.907415E-06
1.776000E+02 3.451408E-03 +/-  9.646659E-06
1.792000E+02 3.335829E-03 +/-  9.328906E-06
1.808000E+02 3.238314E-03 +/-  9.002986E-06
1.824000E+02 3.135286E-03 +/-  8.787682E-06
1.840000E+02 3.054160E-03 +/-  8.539274E-06
1.856000E+02 2.951324E-03 +/-  8.215467E-06
1.872000E+02 2.866481E-03 +/-  8.086989E-06
1.888000E+02 2.786752E-03 +/-  7.954607E-06
1.904000E+02 2.701580E-03 +/-  7.840571E-06
1.920000E+02 2.617569E-03 +/-  7.594930E-06
1.936000E+02 2.535532E-03 +/-  7.461334E-06
1.952000E+02 2.470681E-03 +/-  7.247391E-06
1.968000E+02 2.399452E-03 +/-  7.075922E-06
1.984000E+02 2.330851E-03 +/-  6.908600E-06
2.000000E+02 2.256033E-03 +/-  6.759473E-06
2.016000E+02 2.194450E-03 +/-  6.599804E-06
2.032000E+02 2.134820E-03 +/-  6.437110E-06
2.048000E+02 2.074146E-03 +/-  6.277875E-06
2.064000E+02 2.009408E-03 +/-  6.063227E-06
2.080000E+02 1.958499E-03 +/-  6.079587E-06
2.096000E+02 1.904391E-03 +/-  5.933157E-06
2.112000E+02 1.845204E-03 +/-  5.785658E-06
2.128000E+02 1.799951E-03 +/-  5.662964E-06
2.144000E+02 1.751529E-03 +/-  5.506347E-06
2.160000E+02 1.704381E-03 +/-  5.396696E-06
2.176000E+02 1.655149E-03 +/-  5.355144E-06
2.192000E+02 1.607083E-03 +/-  5.251523E-06
2.208000E+02 1.571340E-03 +/-  5.151253E-06
2.224000E+02 1.529446E-03 +/-  5.044829E-06
2.240000E+02 1.481440E-03 +/-  4.888543E-06
2.256000E+02 1.445031E-03 +/-  4.794198E-06
2.272000E+02 1.414294E-03 +/-  4.778461E-06
2.288000E+02 1.372680E-03 +/-  4.663721E-06
2.304000E+02 1.335672E-03 +/-  4.585422E-06
2.320000E+02 1.297040E-03 +/-  4.525960E-06
2.336000E+02 1.265447E-03 +/-  4.400034E-06
2.352000E+02 1.233010E-03 +/-  4.280931E-06
2.368000E+02 1.214219E-03 +/-  4.217872E-06
2.384000E+02 1.172377E-03 +/-  4.151691E-06
2.400000E+02 1.138744E-03 +/-  4.120682E-06
2.416000E+02 1.109923E-03 +/-  4.026609E-06
2.432000E+02 1.086246E-03 +/-  3.996454E-06
2.448000E+02 1.057928E-03 +/-  3.915001E-06
2.464000E+02 1.036658E-03 +/-  3.835849E-06
2.480000E+02 1.009438E-03 +/-  3.724472E-06
2.496000E+02 9.811968E-04 +/-  3.612951E-06
2.512000E+02 9.615648E-04 +/-  3.577000E-06
2.528000E+02 9.363208E-04 +/-  3.527984E-06
2.544000E+02 9.150163E-04 +/-  3.544822E-06
2.560000E+02 8.876757E-04 +/-  3.478438E-06
2.576000E+02 8.670842E-04 +/-  3.466981E-06
2.592000E+02 8.519903E-04 +/-  3.398827E-06
2.608000E+02 8.291215E-04 +/-  3.297929E-06
2.624000E+02 8.053710E-04 +/-  3.201702E-06
2.640000E+02 7.898694E-04 +/-  3.136603E-06
2.656000E+02 7.701137E-04 +/-  3.042007E-06
2.672000E+02 7.571512E-04 +/-  2.983737E-06
2.688000E+02 7.363152E-04 +/-  3.029065E-06
2.704000E+02 7.181226E-04 +/-  2.945737E-06
2.720000E+02 7.030095E-04 +/-  2.877603E-06
2.736000E+02 6.878691E-04 +/-  2.981311E-06
2.752000E+02 6.747490E-04 +/-  2.930894E-06
2.768000E+02 6.541544E-04 +/-  2.832534E-06
2.784000E+02 6.420248E-04 +/-  2.787992E-06
2.800000E+02 6.328485E-04 +/-  2.741963E-06
2.816000E+02 6.118036E-04 +/-  2.642913E-06
2.832000E+02 5.962212E-04 +/-  2.595928E-06
2.848000E+02 5.865186E-04 +/-  2.536256E-06
2.864000E+02 5.724486E-04 +/-  2.466615E-06
2.880000E+02 5.610662E-04 +/-  2.416835E-06
2.896000E+02 5.492147E-04 +/-  2.471579E-06
2.912000E+02 5.391732E-04 +/-  2.418177E-06
2.928000E+02 5.226688E-04 +/-  2.414068E-06
2.944000E+02 5.166815E-04 +/-  2.371757E-06
2.960000E+02 5.008061E-04 +/-  2.287320E-06
2.976000E+02 4.925947E-04 +/-  2.298658E-06
2.992000E+02 4.843872E-04 +/-  2.373653E-06
3.008000E+02 4.698734E-04 +/-  2.310390E-06
3.024000E+02 4.603085E-04 +/-  2.260005E-06
3.040000E+02 4.500760E-04 +/-  2.191537E-06
3.056000E+02 4.407515E-04 +/-  2.148180E-06
3.072000E+02 4.366194E-04 +/-  2.112720E-06
3.088000E+02 4.251405E-04 +/-  2.048832E-06
3.104000E+02 4.188360E-04 +/-  2.031286E-06
3.120000E+02 4.088817E-04 +/-  1.982558E-06
3.136000E+02 3.966227E-04 +/-  1.953204E-06
3.152000E+02 3.916309E-04 +/-  1.953832E-06
3.168000E+02 3.829799E-04 +/-  1.991938E-06
3.184000E+02 3.780478E-04 +/-  1.983133E-06
3.200000E+02 3.700533E-04 +/-  1.946992E-06
3.216000E+02 3.594523E-04 +/-  1.875524E-06
3.232000E+02 3.519054E-04 +/-  1.860858E-06
3.248000E+02 3.463931E-04 +/-  1.807612E-06
3.264000E+02 3.415856E-04 +/-  1.788035E-06
3.280000E+02 3.316112E-04 +/-  1.739210E-06
3.296000E+02 3.272828E-04 +/-  1.708373E-06
3.312000E+02 3.196304E-04 +/-  1.662382E-06
3.328000E+02 3.146913E-04 +/-  1.631638E-06
3.344000E+02 3.093769E-04 +/-  1.640078E-06
3.360000E+02 3.021657E-04 +/-  1.741953E-06
3.376000E+02 2.979711E-04 +/-  1.709687E-06
3.392000E+02 2.864964E-04 +/-  1.644544E-06
3.408000E+02 2.878578E-04 +/-  1.669866E-06
3.424000E+02 2.779660E-04 +/-  1.631763E-06
3.440000E+02 2.755242E-04 +/-  1.624888E-06
3.456000E+02 2.712366E-04 +/-  1.595154E-06
3.472000E+02 2.630026E-04 +/-  1.529460E-06
3.488000E+02 2.607718E-04 +/-  1.509757E-06
3.504000E+02 2.547577E-04 +/-  1.494407E-06
3.520000E+02 2.520669E-04 +/-  1.454676E-06
3.536000E+02 2.463053E-04 +/-  1.422278E-06
3.552000E+02 2.395881E-04 +/-  1.396341E-06
3.568000E+02 2.360643E-04 +/-  1.465310E-06
3.584000E+02 2.327567E-04 +/-  1.440496E-06
3.600000E+02 2.300481E-04 +/-  1.418933E-06
3.616000E+02 2.232154E-04 +/-  1.386686E-06
3.632000E+02 2.193629E-04 +/-  1.358465E-06
3.648000E+02 2.164451E-04 +/-  1.330882E-06
3.664000E+02 2.116622E-04 +/-  1.293549E-06
3.680000E+02 2.115006E-04 +/-  1.289000E-06
3.696000E+02 2.045004E-04 +/-  1.242852E-06
3.712000E+02 2.000512E-04 +/-  1.259070E-06
3.728000E+02 1.990442E-04 +/-  1.246926E-06
3.744000E+02 1.937316E-04 +/-  1.210379E-06
3.760000E+02 1.899469E-04 +/-  1.178706E-06
3.776000E+02 1.875088E-04 +/-  1.172191E-06
3.792000E+02 1.850719E-04 +/-  1.156715E-06
3.808000E+02 1.812198E-04 +/-  1.125239E-06
3.824000E+02 1.790340E-04 +/-  1.117438E-06
3.840000E+02 1.740281E-04 +/-  1.081753E-06
3.856000E+02 1.743263E-04 +/-  1.086513E-06
3.872000E+02 1.703939E-04 +/-  1.055106E-06
3.888000E+02 1.665918E-04 +/-  1.028865E-06
3.904000E+02 1.638214E-04 +/-  1.011170E-06
3.920000E+02 1.624560E-04 +/-  1.004632E-06
3.936000E+02 1.570497E-04 +/-  9.642643E-07
3.952000E+02 1.541576E-04 +/-  1.088730E-06
3.968000E+02 1.526811E-04 +/-  1.090600E-06
3.984000E+02 1.502315E-04 +/-  1.071702E-06
4.000000E+02 1.481421E-04 +/-  1.059140E-06
4.016000E+02 1.462957E-04 +/-  1.044049E-06
4.032000E+02 1.435587E-04 +/-  1.025651E-06
4.048000E+02 1.412329E-04 +/-  1.002716E-06
4.064000E+02 1.384964E-04 +/-  9.909144E-07
4.080000E+02 1.353033E-04 +/-  9.794112E-07
4.096000E+02 1.336927E-04 +/-  9.739038E-07
4.112000E+02 1.315101E-04 +/-  9.672288E-07
4.128000E+02 1.311460E-04 +/-  1.034821E-06
4.144000E+02 1.260867E-04 +/-  9.944861E-07
4.160000E+02 1.261602E-04 +/-  9.964672E-07
4.176000E+02 1.225441E-04 +/-  9.630994E-07
4.192000E+02 1.208939E-04 +/-  9.522375E-07
4.208000E+02 1.209165E-04 +/-  9.448985E-07
4.224000E+02 1.183784E-04 +/-  9.417864E-07
4.240000E+02 1.149877E-04 +/-  8.969769E-07
4.256000E+02 1.141041E-04 +/-  8.943264E-07
4.272000E+02 1.126662E-04 +/-  8.782170E-07
4.288000E+02 1.113228E-04 +/-  8.635232E-07
4.304000E+02 1.095892E-04 +/-  8.578165E-07
4.320000E+02 1.084991E-04 +/-  8.498855E-07
4.336000E+02 1.073461E-04 +/-  8.332803E-07
4.352000E+02 1.050730E-04 +/-  8.138383E-07
4.368000E+02 1.021286E-04 +/-  7.828415E-07
4.384000E+02 1.015437E-04 +/-  7.933728E-07
4.400000E+02 9.969926E-05 +/-  7.677585E-07
4.416000E+02 9.809063E-05 +/-  7.499540E-07
4.432000E+02 9.757885E-05 +/-  7.446048E-07
4.448000E+02 9.466291E-05 +/-  7.282018E-07
4.464000E+02 9.444298E-05 +/-  7.221534E-07
4.480000E+02 9.095317E-05 +/-  6.994498E-07
4.496000E+02 9.084652E-05 +/-  6.947493E-07
4.512000E+02 8.925225E-05 +/-  7.034450E-07
4.528000E+02 8.719017E-05 +/-  6.797570E-07
4.544000E+02 8.755954E-05 +/-  6.899235E-07
4.560000E+02 8.659400E-05 +/-  6.705110E-07
4.576000E+02 8.483571E-05 +/-  6.546246E-07
4.592000E+02 8.223482E-05 +/-  6.303970E-07
4.608000E+02 8.271970E-05 +/-  6.451071E-07
4.624000E+02 8.091255E-05 +/-  6.288155E-07
4.640000E+02 8.003997E-05 +/-  6.247915E-07
4.656000E+02 7.780094E-05 +/-  6.042717E-07
4.672000E+02 7.753584E-05 +/-  5.942777E-07
4.688000E+02 7.709572E-05 +/-  6.007247E-07
4.704000E+02 7.433520E-05 +/-  5.707503E-07
4.720000E+02 7.396007E-05 +/-  5.673787E-07
4.736000E+02 7.259957E-05 +/-  5.548695E-07
4.752000E+02 7.235139E-05 +/-  5.510521E-07
4.768000E+02 7.110371E-05 +/-  5.417730E-07
4.784000E+02 7.043258E-05 +/-  5.376967E-07
4.800000E+02 6.811148E-05 +/-  5.207630E-07
4.816000E+02 6.771933E-05 +/-  5.134925E-07
4.832000E+02 6.797871E-05 +/-  5.206701E-07
4.848000E+02 6.574742E-05 +/-  4.969787E-07
4.864000E+02 6.464696E-05 +/-  4.936388E-07
4.880000E+02 6.461051E-05 +/-  4.854687E-07
4.896000E+02 6.366441E-05 +/-  4.822006E-07
4.912000E+02 6.331669E-05 +/-  4.799601E-07
4.928000E+02 6.202219E-05 +/-  4.686341E-07
4.944000E+02 6.067167E-05 +/-  4.617334E-07
4.960000E+02 6.010162E-05 +/-  4.596756E-07
4.976000E+02 5.883855E-05 +/-  4.431382E-07
4.992000E+02 5.952654E-05 +/-  4.520419E-07
