 u,U -> m,M
x-axis: "Mass{p3+p4}$"  from 20.000000 to 500.000000 N_bins= 300
Diff. cross section [pb/GeV]
2.080000E+01 0.000000E+00 +/-  0.000000E+00
2.240000E+01 0.000000E+00 +/-  0.000000E+00
2.400000E+01 0.000000E+00 +/-  0.000000E+00
2.560000E+01 0.000000E+00 +/-  0.000000E+00
2.720000E+01 0.000000E+00 +/-  0.000000E+00
2.880000E+01 0.000000E+00 +/-  0.000000E+00
3.040000E+01 0.000000E+00 +/-  0.000000E+00
3.200000E+01 0.000000E+00 +/-  0.000000E+00
3.360000E+01 0.000000E+00 +/-  0.000000E+00
3.520000E+01 0.000000E+00 +/-  0.000000E+00
3.680000E+01 0.000000E+00 +/-  0.000000E+00
3.840000E+01 0.000000E+00 +/-  0.000000E+00
4.000000E+01 0.000000E+00 +/-  0.000000E+00
4.160000E+01 0.000000E+00 +/-  0.000000E+00
4.320000E+01 0.000000E+00 +/-  0.000000E+00
4.480000E+01 0.000000E+00 +/-  0.000000E+00
4.640000E+01 0.000000E+00 +/-  0.000000E+00
4.800000E+01 0.000000E+00 +/-  0.000000E+00
4.960000E+01 0.000000E+00 +/-  0.000000E+00
5.120000E+01 0.000000E+00 +/-  0.000000E+00
5.280000E+01 0.000000E+00 +/-  0.000000E+00
5.440000E+01 0.000000E+00 +/-  0.000000E+00
5.600000E+01 0.000000E+00 +/-  0.000000E+00
5.760000E+01 0.000000E+00 +/-  0.000000E+00
5.920000E+01 0.000000E+00 +/-  0.000000E+00
6.080000E+01 0.000000E+00 +/-  0.000000E+00
6.240000E+01 0.000000E+00 +/-  0.000000E+00
6.400000E+01 0.000000E+00 +/-  0.000000E+00
6.560000E+01 0.000000E+00 +/-  0.000000E+00
6.720000E+01 0.000000E+00 +/-  0.000000E+00
6.880000E+01 0.000000E+00 +/-  0.000000E+00
7.040000E+01 0.000000E+00 +/-  0.000000E+00
7.200000E+01 0.000000E+00 +/-  0.000000E+00
7.360000E+01 0.000000E+00 +/-  0.000000E+00
7.520000E+01 0.000000E+00 +/-  0.000000E+00
7.680000E+01 0.000000E+00 +/-  0.000000E+00
7.840000E+01 0.000000E+00 +/-  0.000000E+00
8.000000E+01 0.000000E+00 +/-  0.000000E+00
8.160000E+01 0.000000E+00 +/-  0.000000E+00
8.320000E+01 0.000000E+00 +/-  0.000000E+00
8.480000E+01 0.000000E+00 +/-  0.000000E+00
8.640000E+01 0.000000E+00 +/-  0.000000E+00
8.800000E+01 0.000000E+00 +/-  0.000000E+00
8.960000E+01 0.000000E+00 +/-  0.000000E+00
9.120000E+01 0.000000E+00 +/-  0.000000E+00
9.280000E+01 0.000000E+00 +/-  0.000000E+00
9.440000E+01 0.000000E+00 +/-  0.000000E+00
9.600000E+01 0.000000E+00 +/-  0.000000E+00
9.760000E+01 0.000000E+00 +/-  0.000000E+00
9.920000E+01 0.000000E+00 +/-  0.000000E+00
1.008000E+02 1.257659E-01 +/-  8.565273E-04
1.024000E+02 1.767638E-01 +/-  9.191861E-04
1.040000E+02 1.776042E-01 +/-  7.967364E-04
1.056000E+02 1.688499E-01 +/-  7.138878E-04
1.072000E+02 1.574529E-01 +/-  6.351448E-04
1.088000E+02 1.458676E-01 +/-  5.660586E-04
1.104000E+02 1.352613E-01 +/-  5.174009E-04
1.120000E+02 1.239766E-01 +/-  4.528249E-04
1.136000E+02 1.150195E-01 +/-  4.140449E-04
1.152000E+02 1.083807E-01 +/-  3.911239E-04
1.168000E+02 1.007549E-01 +/-  3.580947E-04
1.184000E+02 9.319218E-02 +/-  3.219171E-04
1.200000E+02 8.745771E-02 +/-  2.982294E-04
1.216000E+02 8.220767E-02 +/-  2.789862E-04
1.232000E+02 7.772189E-02 +/-  2.661652E-04
1.248000E+02 7.306822E-02 +/-  2.456809E-04
1.264000E+02 6.846449E-02 +/-  2.270689E-04
1.280000E+02 6.494644E-02 +/-  2.131950E-04
1.296000E+02 6.154425E-02 +/-  2.017778E-04
1.312000E+02 5.871054E-02 +/-  1.946021E-04
1.328000E+02 5.507772E-02 +/-  1.770871E-04
1.344000E+02 5.234021E-02 +/-  1.684208E-04
1.360000E+02 4.996140E-02 +/-  1.600891E-04
1.376000E+02 4.761953E-02 +/-  1.531948E-04
1.392000E+02 4.546558E-02 +/-  1.452509E-04
1.408000E+02 4.338471E-02 +/-  1.393764E-04
1.424000E+02 4.119508E-02 +/-  1.319560E-04
1.440000E+02 3.909447E-02 +/-  1.252977E-04
1.456000E+02 3.750572E-02 +/-  1.270417E-04
1.472000E+02 3.609604E-02 +/-  1.223203E-04
1.488000E+02 3.439396E-02 +/-  1.159744E-04
1.504000E+02 3.302919E-02 +/-  1.105722E-04
1.520000E+02 3.133575E-02 +/-  1.042599E-04
1.536000E+02 3.030264E-02 +/-  1.008218E-04
1.552000E+02 2.898312E-02 +/-  9.546192E-05
1.568000E+02 2.787865E-02 +/-  9.302361E-05
1.584000E+02 2.659507E-02 +/-  9.231617E-05
1.600000E+02 2.573911E-02 +/-  8.954479E-05
1.616000E+02 2.453779E-02 +/-  8.518787E-05
1.632000E+02 2.374887E-02 +/-  8.280042E-05
1.648000E+02 2.278246E-02 +/-  7.951745E-05
1.664000E+02 2.186856E-02 +/-  7.635534E-05
1.680000E+02 2.103080E-02 +/-  7.428488E-05
1.696000E+02 2.040237E-02 +/-  7.182537E-05
1.712000E+02 1.950200E-02 +/-  6.877763E-05
1.728000E+02 1.890291E-02 +/-  6.746130E-05
1.744000E+02 1.811964E-02 +/-  6.416177E-05
1.760000E+02 1.750311E-02 +/-  6.378852E-05
1.776000E+02 1.690969E-02 +/-  6.275701E-05
1.792000E+02 1.627127E-02 +/-  6.119017E-05
1.808000E+02 1.573816E-02 +/-  5.884087E-05
1.824000E+02 1.520332E-02 +/-  5.697271E-05
1.840000E+02 1.465453E-02 +/-  5.527338E-05
1.856000E+02 1.417597E-02 +/-  5.362257E-05
1.872000E+02 1.370994E-02 +/-  5.344395E-05
1.888000E+02 1.321711E-02 +/-  5.161821E-05
1.904000E+02 1.280631E-02 +/-  4.979733E-05
1.920000E+02 1.238853E-02 +/-  4.812304E-05
1.936000E+02 1.195136E-02 +/-  4.674287E-05
1.952000E+02 1.160603E-02 +/-  4.596360E-05
1.968000E+02 1.116261E-02 +/-  4.488906E-05
1.984000E+02 1.086612E-02 +/-  4.381615E-05
2.000000E+02 1.054965E-02 +/-  4.310644E-05
2.016000E+02 1.017028E-02 +/-  4.139997E-05
2.032000E+02 9.878040E-03 +/-  4.020779E-05
2.048000E+02 9.546341E-03 +/-  3.944105E-05
2.064000E+02 9.232428E-03 +/-  3.890456E-05
2.080000E+02 9.017699E-03 +/-  3.864334E-05
2.096000E+02 8.712394E-03 +/-  3.728064E-05
2.112000E+02 8.453469E-03 +/-  3.602747E-05
2.128000E+02 8.209799E-03 +/-  3.547357E-05
2.144000E+02 7.917836E-03 +/-  3.433205E-05
2.160000E+02 7.773480E-03 +/-  3.424984E-05
2.176000E+02 7.493163E-03 +/-  3.309741E-05
2.192000E+02 7.293315E-03 +/-  3.240214E-05
2.208000E+02 7.080880E-03 +/-  3.281587E-05
2.224000E+02 6.835927E-03 +/-  3.170377E-05
2.240000E+02 6.674142E-03 +/-  3.098352E-05
2.256000E+02 6.495414E-03 +/-  3.008531E-05
2.272000E+02 6.315865E-03 +/-  2.950675E-05
2.288000E+02 6.136690E-03 +/-  2.864696E-05
2.304000E+02 5.973535E-03 +/-  2.868841E-05
2.320000E+02 5.755419E-03 +/-  2.755101E-05
2.336000E+02 5.636924E-03 +/-  2.673581E-05
2.352000E+02 5.524695E-03 +/-  2.639036E-05
2.368000E+02 5.373644E-03 +/-  2.629462E-05
2.384000E+02 5.156795E-03 +/-  2.650126E-05
2.400000E+02 5.047616E-03 +/-  2.588317E-05
2.416000E+02 4.899857E-03 +/-  2.517489E-05
2.432000E+02 4.760117E-03 +/-  2.451993E-05
2.448000E+02 4.696257E-03 +/-  2.414490E-05
2.464000E+02 4.547950E-03 +/-  2.367973E-05
2.480000E+02 4.450087E-03 +/-  2.369841E-05
2.496000E+02 4.333284E-03 +/-  2.276145E-05
2.512000E+02 4.187583E-03 +/-  2.198728E-05
2.528000E+02 4.094883E-03 +/-  2.142563E-05
2.544000E+02 4.000481E-03 +/-  2.100384E-05
2.560000E+02 3.853826E-03 +/-  2.021575E-05
2.576000E+02 3.797594E-03 +/-  2.006511E-05
2.592000E+02 3.709218E-03 +/-  2.042609E-05
2.608000E+02 3.657812E-03 +/-  2.010655E-05
2.624000E+02 3.490307E-03 +/-  2.037058E-05
2.640000E+02 3.431652E-03 +/-  1.987096E-05
2.656000E+02 3.336749E-03 +/-  1.944726E-05
2.672000E+02 3.282698E-03 +/-  1.954524E-05
2.688000E+02 3.170661E-03 +/-  1.896774E-05
2.704000E+02 3.096504E-03 +/-  1.846200E-05
2.720000E+02 3.053549E-03 +/-  1.818545E-05
2.736000E+02 2.959752E-03 +/-  1.746211E-05
2.752000E+02 2.919148E-03 +/-  1.738444E-05
2.768000E+02 2.862100E-03 +/-  1.709651E-05
2.784000E+02 2.771306E-03 +/-  1.645911E-05
2.800000E+02 2.703764E-03 +/-  1.598880E-05
2.816000E+02 2.617643E-03 +/-  1.540518E-05
2.832000E+02 2.582165E-03 +/-  1.535806E-05
2.848000E+02 2.524874E-03 +/-  1.481320E-05
2.864000E+02 2.437563E-03 +/-  1.539309E-05
2.880000E+02 2.402071E-03 +/-  1.502339E-05
2.896000E+02 2.350559E-03 +/-  1.498283E-05
2.912000E+02 2.303416E-03 +/-  1.493832E-05
2.928000E+02 2.249124E-03 +/-  1.458860E-05
2.944000E+02 2.204565E-03 +/-  1.427300E-05
2.960000E+02 2.164151E-03 +/-  1.406756E-05
2.976000E+02 2.086520E-03 +/-  1.349072E-05
2.992000E+02 2.071888E-03 +/-  1.449720E-05
3.008000E+02 2.000671E-03 +/-  1.446590E-05
3.024000E+02 1.978403E-03 +/-  1.427180E-05
3.040000E+02 1.953167E-03 +/-  1.406679E-05
3.056000E+02 1.873447E-03 +/-  1.327187E-05
3.072000E+02 1.869859E-03 +/-  1.346157E-05
3.088000E+02 1.793356E-03 +/-  1.284106E-05
3.104000E+02 1.772081E-03 +/-  1.249396E-05
3.120000E+02 1.730928E-03 +/-  1.244607E-05
3.136000E+02 1.692349E-03 +/-  1.218956E-05
3.152000E+02 1.662128E-03 +/-  1.193918E-05
3.168000E+02 1.608721E-03 +/-  1.141337E-05
3.184000E+02 1.578773E-03 +/-  1.121677E-05
3.200000E+02 1.552624E-03 +/-  1.123926E-05
3.216000E+02 1.535119E-03 +/-  1.125659E-05
3.232000E+02 1.535762E-03 +/-  1.118636E-05
3.248000E+02 1.454162E-03 +/-  1.052477E-05
3.264000E+02 1.430675E-03 +/-  1.036154E-05
3.280000E+02 1.405393E-03 +/-  1.106378E-05
3.296000E+02 1.381217E-03 +/-  1.085900E-05
3.312000E+02 1.351555E-03 +/-  1.051359E-05
3.328000E+02 1.344438E-03 +/-  1.059176E-05
3.344000E+02 1.296368E-03 +/-  1.019893E-05
3.360000E+02 1.280589E-03 +/-  1.005476E-05
3.376000E+02 1.244243E-03 +/-  9.815642E-06
3.392000E+02 1.219055E-03 +/-  9.481247E-06
3.408000E+02 1.194444E-03 +/-  9.175906E-06
3.424000E+02 1.190322E-03 +/-  9.235097E-06
3.440000E+02 1.153984E-03 +/-  8.983994E-06
3.456000E+02 1.132214E-03 +/-  8.755785E-06
3.472000E+02 1.116149E-03 +/-  8.730082E-06
3.488000E+02 1.096929E-03 +/-  8.446362E-06
3.504000E+02 1.078863E-03 +/-  8.373303E-06
3.520000E+02 1.052676E-03 +/-  8.077556E-06
3.536000E+02 1.049495E-03 +/-  8.290995E-06
3.552000E+02 1.007403E-03 +/-  7.975579E-06
3.568000E+02 9.785083E-04 +/-  7.750460E-06
3.584000E+02 9.889490E-04 +/-  7.787652E-06
3.600000E+02 9.566352E-04 +/-  7.571609E-06
3.616000E+02 9.408415E-04 +/-  7.393877E-06
3.632000E+02 9.197093E-04 +/-  7.238962E-06
3.648000E+02 9.087951E-04 +/-  7.165972E-06
3.664000E+02 8.899275E-04 +/-  8.186443E-06
3.680000E+02 8.586818E-04 +/-  7.980504E-06
3.696000E+02 8.596607E-04 +/-  8.091986E-06
3.712000E+02 8.470274E-04 +/-  7.854596E-06
3.728000E+02 8.223177E-04 +/-  7.717728E-06
3.744000E+02 8.237221E-04 +/-  7.961847E-06
3.760000E+02 7.962922E-04 +/-  7.289951E-06
3.776000E+02 7.915783E-04 +/-  7.489256E-06
3.792000E+02 7.621998E-04 +/-  7.121821E-06
3.808000E+02 7.669757E-04 +/-  7.170431E-06
3.824000E+02 7.332110E-04 +/-  6.768992E-06
3.840000E+02 7.363034E-04 +/-  6.849607E-06
3.856000E+02 7.156683E-04 +/-  6.518701E-06
3.872000E+02 7.175952E-04 +/-  6.801753E-06
3.888000E+02 6.881515E-04 +/-  6.250504E-06
3.904000E+02 6.852614E-04 +/-  6.494795E-06
3.920000E+02 6.628801E-04 +/-  6.619696E-06
3.936000E+02 6.593942E-04 +/-  6.675636E-06
3.952000E+02 6.637646E-04 +/-  7.115264E-06
3.968000E+02 6.365076E-04 +/-  6.611187E-06
3.984000E+02 6.436986E-04 +/-  6.921261E-06
4.000000E+02 6.136573E-04 +/-  6.419181E-06
4.016000E+02 6.172352E-04 +/-  6.427418E-06
4.032000E+02 5.986899E-04 +/-  6.401650E-06
4.048000E+02 5.827539E-04 +/-  6.081401E-06
4.064000E+02 5.799112E-04 +/-  5.975520E-06
4.080000E+02 5.626181E-04 +/-  5.857452E-06
4.096000E+02 5.474816E-04 +/-  5.585026E-06
4.112000E+02 5.529362E-04 +/-  5.693615E-06
4.128000E+02 5.468845E-04 +/-  5.711116E-06
4.144000E+02 5.262616E-04 +/-  5.257991E-06
4.160000E+02 5.226208E-04 +/-  5.275392E-06
4.176000E+02 5.148070E-04 +/-  5.269611E-06
4.192000E+02 4.984704E-04 +/-  5.099902E-06
4.208000E+02 4.997758E-04 +/-  5.094378E-06
4.224000E+02 4.922571E-04 +/-  5.011440E-06
4.240000E+02 4.812926E-04 +/-  4.953461E-06
4.256000E+02 4.732776E-04 +/-  4.874766E-06
4.272000E+02 4.697628E-04 +/-  4.727367E-06
4.288000E+02 4.633869E-04 +/-  4.768482E-06
4.304000E+02 4.625748E-04 +/-  4.758279E-06
4.320000E+02 4.498576E-04 +/-  4.607451E-06
4.336000E+02 4.408432E-04 +/-  4.491021E-06
4.352000E+02 4.293348E-04 +/-  4.312674E-06
4.368000E+02 4.277054E-04 +/-  4.237449E-06
4.384000E+02 4.091682E-04 +/-  4.118736E-06
4.400000E+02 4.156360E-04 +/-  4.187844E-06
4.416000E+02 4.107733E-04 +/-  4.087347E-06
4.432000E+02 3.991911E-04 +/-  4.119569E-06
4.448000E+02 3.961592E-04 +/-  4.130149E-06
4.464000E+02 3.829377E-04 +/-  3.876555E-06
4.480000E+02 3.805777E-04 +/-  3.907722E-06
4.496000E+02 3.820860E-04 +/-  3.942444E-06
4.512000E+02 3.752153E-04 +/-  3.831409E-06
4.528000E+02 3.663993E-04 +/-  3.797671E-06
4.544000E+02 3.581773E-04 +/-  3.662601E-06
4.560000E+02 3.427202E-04 +/-  3.410376E-06
4.576000E+02 3.565495E-04 +/-  3.692870E-06
4.592000E+02 3.369291E-04 +/-  3.424445E-06
4.608000E+02 3.440982E-04 +/-  3.538666E-06
4.624000E+02 3.306306E-04 +/-  3.377758E-06
4.640000E+02 3.254636E-04 +/-  3.328303E-06
4.656000E+02 3.281372E-04 +/-  3.329575E-06
4.672000E+02 3.253572E-04 +/-  3.325408E-06
4.688000E+02 3.081053E-04 +/-  3.064008E-06
4.704000E+02 3.148137E-04 +/-  3.221770E-06
4.720000E+02 3.081916E-04 +/-  3.118362E-06
4.736000E+02 3.009296E-04 +/-  3.045588E-06
4.752000E+02 2.952019E-04 +/-  2.920472E-06
4.768000E+02 2.940057E-04 +/-  2.953002E-06
4.784000E+02 2.832898E-04 +/-  2.857169E-06
4.800000E+02 2.851187E-04 +/-  2.844265E-06
4.816000E+02 2.754966E-04 +/-  2.668670E-06
4.832000E+02 2.795249E-04 +/-  2.778285E-06
4.848000E+02 2.728558E-04 +/-  2.807811E-06
4.864000E+02 2.688685E-04 +/-  2.647693E-06
4.880000E+02 2.640661E-04 +/-  2.627753E-06
4.896000E+02 2.648688E-04 +/-  2.619099E-06
4.912000E+02 2.623668E-04 +/-  2.643641E-06
4.928000E+02 2.571510E-04 +/-  2.542090E-06
4.944000E+02 2.458375E-04 +/-  2.420617E-06
4.960000E+02 2.472307E-04 +/-  2.433875E-06
4.976000E+02 2.463516E-04 +/-  2.404090E-06
4.992000E+02 2.438150E-04 +/-  2.421493E-06
