 u,U -> m,M
x-axis: "Mass{p3+p4}]"  from 500.000000 to 2000.000000 N_bins= 300
Diff. cross section [pb/GeV]
5.025000E+02 1.707081E-04 +/-  4.401877E-07
5.075000E+02 1.634929E-04 +/-  4.183173E-07
5.125000E+02 1.567979E-04 +/-  3.999227E-07
5.175000E+02 1.509532E-04 +/-  3.860887E-07
5.225000E+02 1.445305E-04 +/-  3.656994E-07
5.275000E+02 1.387850E-04 +/-  3.521772E-07
5.325000E+02 1.330204E-04 +/-  3.360416E-07
5.375000E+02 1.278153E-04 +/-  3.204315E-07
5.425000E+02 1.236397E-04 +/-  3.128186E-07
5.475000E+02 1.184900E-04 +/-  2.978663E-07
5.525000E+02 1.136732E-04 +/-  2.835213E-07
5.575000E+02 1.093364E-04 +/-  2.714762E-07
5.625000E+02 1.056536E-04 +/-  2.641354E-07
5.675000E+02 1.016749E-04 +/-  2.526505E-07
5.725000E+02 9.731756E-05 +/-  2.423710E-07
5.775000E+02 9.409227E-05 +/-  2.340615E-07
5.825000E+02 9.074843E-05 +/-  2.264766E-07
5.875000E+02 8.742442E-05 +/-  2.169845E-07
5.925000E+02 8.414540E-05 +/-  2.083142E-07
5.975000E+02 8.130995E-05 +/-  2.009574E-07
6.025000E+02 7.821392E-05 +/-  1.925465E-07
6.075000E+02 7.579280E-05 +/-  1.875879E-07
6.125000E+02 7.275217E-05 +/-  1.782223E-07
6.175000E+02 7.057896E-05 +/-  1.745970E-07
6.225000E+02 6.808973E-05 +/-  1.670745E-07
6.275000E+02 6.562247E-05 +/-  1.603448E-07
6.325000E+02 6.351186E-05 +/-  1.574929E-07
6.375000E+02 6.116404E-05 +/-  1.550648E-07
6.425000E+02 5.919591E-05 +/-  1.506624E-07
6.475000E+02 5.731215E-05 +/-  1.455949E-07
6.525000E+02 5.552383E-05 +/-  1.406265E-07
6.575000E+02 5.354209E-05 +/-  1.348772E-07
6.625000E+02 5.179352E-05 +/-  1.310114E-07
6.675000E+02 5.002320E-05 +/-  1.262817E-07
6.725000E+02 4.852163E-05 +/-  1.219954E-07
6.775000E+02 4.697228E-05 +/-  1.180112E-07
6.825000E+02 4.549423E-05 +/-  1.149205E-07
6.875000E+02 4.398793E-05 +/-  1.127269E-07
6.925000E+02 4.260410E-05 +/-  1.107033E-07
6.975000E+02 4.135379E-05 +/-  1.081797E-07
7.025000E+02 4.011565E-05 +/-  1.050100E-07
7.075000E+02 3.871588E-05 +/-  1.014213E-07
7.125000E+02 3.751997E-05 +/-  9.815154E-08
7.175000E+02 3.650223E-05 +/-  9.524845E-08
7.225000E+02 3.532012E-05 +/-  9.201536E-08
7.275000E+02 3.435882E-05 +/-  9.034242E-08
7.325000E+02 3.330380E-05 +/-  8.783724E-08
7.375000E+02 3.225265E-05 +/-  8.522401E-08
7.425000E+02 3.132783E-05 +/-  8.285303E-08
7.475000E+02 3.036249E-05 +/-  8.177508E-08
7.525000E+02 2.943382E-05 +/-  8.021162E-08
7.575000E+02 2.858875E-05 +/-  7.832405E-08
7.625000E+02 2.781168E-05 +/-  7.584892E-08
7.675000E+02 2.702931E-05 +/-  7.367387E-08
7.725000E+02 2.631020E-05 +/-  7.241303E-08
7.775000E+02 2.554981E-05 +/-  7.035931E-08
7.825000E+02 2.470663E-05 +/-  6.774984E-08
7.875000E+02 2.412099E-05 +/-  6.657148E-08
7.925000E+02 2.327787E-05 +/-  6.445315E-08
7.975000E+02 2.272931E-05 +/-  6.443420E-08
8.025000E+02 2.220667E-05 +/-  6.295588E-08
8.075000E+02 2.156162E-05 +/-  6.113400E-08
8.125000E+02 2.095412E-05 +/-  5.975772E-08
8.175000E+02 2.022098E-05 +/-  5.823560E-08
8.225000E+02 1.980929E-05 +/-  5.742246E-08
8.275000E+02 1.932746E-05 +/-  5.608526E-08
8.325000E+02 1.873427E-05 +/-  5.419977E-08
8.375000E+02 1.824398E-05 +/-  5.322055E-08
8.425000E+02 1.777150E-05 +/-  5.230969E-08
8.475000E+02 1.726674E-05 +/-  5.126985E-08
8.525000E+02 1.685837E-05 +/-  5.002316E-08
8.575000E+02 1.632099E-05 +/-  4.872773E-08
8.625000E+02 1.597816E-05 +/-  4.765967E-08
8.675000E+02 1.554551E-05 +/-  4.674670E-08
8.725000E+02 1.511462E-05 +/-  4.583491E-08
8.775000E+02 1.482368E-05 +/-  4.531119E-08
8.825000E+02 1.443092E-05 +/-  4.448532E-08
8.875000E+02 1.395010E-05 +/-  4.313536E-08
8.925000E+02 1.365358E-05 +/-  4.232416E-08
8.975000E+02 1.334873E-05 +/-  4.136631E-08
9.025000E+02 1.295074E-05 +/-  4.068225E-08
9.075000E+02 1.268255E-05 +/-  3.989479E-08
9.125000E+02 1.235303E-05 +/-  3.923195E-08
9.175000E+02 1.200484E-05 +/-  3.873996E-08
9.225000E+02 1.173096E-05 +/-  3.805954E-08
9.275000E+02 1.147592E-05 +/-  3.732939E-08
9.325000E+02 1.114107E-05 +/-  3.620706E-08
9.375000E+02 1.089934E-05 +/-  3.555002E-08
9.425000E+02 1.059581E-05 +/-  3.488453E-08
9.475000E+02 1.040774E-05 +/-  3.406752E-08
9.525000E+02 1.015763E-05 +/-  3.369871E-08
9.575000E+02 9.835826E-06 +/-  3.301001E-08
9.625000E+02 9.643834E-06 +/-  3.263330E-08
9.675000E+02 9.443309E-06 +/-  3.268000E-08
9.725000E+02 9.196026E-06 +/-  3.179637E-08
9.775000E+02 8.993263E-06 +/-  3.097199E-08
9.825000E+02 8.780712E-06 +/-  3.018552E-08
9.875000E+02 8.573511E-06 +/-  2.994844E-08
9.925000E+02 8.310793E-06 +/-  2.908173E-08
9.975000E+02 8.180889E-06 +/-  2.847415E-08
1.002500E+03 7.995313E-06 +/-  2.779186E-08
1.007500E+03 7.796827E-06 +/-  2.780977E-08
1.012500E+03 7.626331E-06 +/-  2.746550E-08
1.017500E+03 7.424506E-06 +/-  2.671266E-08
1.022500E+03 7.299457E-06 +/-  2.615258E-08
1.027500E+03 7.136929E-06 +/-  2.662245E-08
1.032500E+03 6.970279E-06 +/-  2.594001E-08
1.037500E+03 6.763684E-06 +/-  2.521645E-08
1.042500E+03 6.646258E-06 +/-  2.521488E-08
1.047500E+03 6.533067E-06 +/-  2.474810E-08
1.052500E+03 6.344659E-06 +/-  2.414704E-08
1.057500E+03 6.207867E-06 +/-  2.356931E-08
1.062500E+03 6.070167E-06 +/-  2.297282E-08
1.067500E+03 5.930104E-06 +/-  2.242511E-08
1.072500E+03 5.826850E-06 +/-  2.194105E-08
1.077500E+03 5.697926E-06 +/-  2.188477E-08
1.082500E+03 5.576898E-06 +/-  2.182554E-08
1.087500E+03 5.425870E-06 +/-  2.126040E-08
1.092500E+03 5.334634E-06 +/-  2.081085E-08
1.097500E+03 5.219951E-06 +/-  2.043676E-08
1.102500E+03 5.074660E-06 +/-  1.989402E-08
1.107500E+03 5.017674E-06 +/-  2.041604E-08
1.112500E+03 4.888643E-06 +/-  2.089215E-08
1.117500E+03 4.800185E-06 +/-  2.043217E-08
1.122500E+03 4.690709E-06 +/-  1.994594E-08
1.127500E+03 4.604087E-06 +/-  1.952074E-08
1.132500E+03 4.481760E-06 +/-  1.898605E-08
1.137500E+03 4.382754E-06 +/-  1.855533E-08
1.142500E+03 4.300595E-06 +/-  1.820008E-08
1.147500E+03 4.229182E-06 +/-  1.790304E-08
1.152500E+03 4.122142E-06 +/-  1.743546E-08
1.157500E+03 4.056680E-06 +/-  1.709407E-08
1.162500E+03 3.974550E-06 +/-  1.669826E-08
1.167500E+03 3.889827E-06 +/-  1.632032E-08
1.172500E+03 3.777316E-06 +/-  1.656924E-08
1.177500E+03 3.738939E-06 +/-  1.671104E-08
1.182500E+03 3.641548E-06 +/-  1.627657E-08
1.187500E+03 3.579941E-06 +/-  1.626136E-08
1.192500E+03 3.513850E-06 +/-  1.606899E-08
1.197500E+03 3.444931E-06 +/-  1.579478E-08
1.202500E+03 3.368053E-06 +/-  1.540383E-08
1.207500E+03 3.289836E-06 +/-  1.503814E-08
1.212500E+03 3.224827E-06 +/-  1.471212E-08
1.217500E+03 3.175097E-06 +/-  1.443428E-08
1.222500E+03 3.091299E-06 +/-  1.405926E-08
1.227500E+03 3.043549E-06 +/-  1.380697E-08
1.232500E+03 2.990945E-06 +/-  1.352291E-08
1.237500E+03 2.922488E-06 +/-  1.466416E-08
1.242500E+03 2.890967E-06 +/-  1.471939E-08
1.247500E+03 2.812803E-06 +/-  1.431533E-08
1.252500E+03 2.774433E-06 +/-  1.412750E-08
1.257500E+03 2.697269E-06 +/-  1.376297E-08
1.262500E+03 2.671559E-06 +/-  1.356384E-08
1.267500E+03 2.611235E-06 +/-  1.322823E-08
1.272500E+03 2.541990E-06 +/-  1.290119E-08
1.277500E+03 2.519869E-06 +/-  1.272123E-08
1.282500E+03 2.436415E-06 +/-  1.231230E-08
1.287500E+03 2.414274E-06 +/-  1.244514E-08
1.292500E+03 2.378070E-06 +/-  1.227205E-08
1.297500E+03 2.315349E-06 +/-  1.192581E-08
1.302500E+03 2.280506E-06 +/-  1.174536E-08
1.307500E+03 2.219128E-06 +/-  1.145924E-08
1.312500E+03 2.180148E-06 +/-  1.147988E-08
1.317500E+03 2.153472E-06 +/-  1.207680E-08
1.322500E+03 2.114462E-06 +/-  1.178158E-08
1.327500E+03 2.060160E-06 +/-  1.149549E-08
1.332500E+03 2.039162E-06 +/-  1.136779E-08
1.337500E+03 1.999492E-06 +/-  1.113805E-08
1.342500E+03 1.968482E-06 +/-  1.091068E-08
1.347500E+03 1.927662E-06 +/-  1.068501E-08
1.352500E+03 1.906280E-06 +/-  1.052684E-08
1.357500E+03 1.860582E-06 +/-  1.028297E-08
1.362500E+03 1.829896E-06 +/-  1.010983E-08
1.367500E+03 1.777413E-06 +/-  9.852711E-09
1.372500E+03 1.757080E-06 +/-  9.670047E-09
1.377500E+03 1.739133E-06 +/-  9.562316E-09
1.382500E+03 1.697831E-06 +/-  9.306022E-09
1.387500E+03 1.658613E-06 +/-  9.105393E-09
1.392500E+03 1.623447E-06 +/-  8.919256E-09
1.397500E+03 1.605802E-06 +/-  8.790761E-09
1.402500E+03 1.591310E-06 +/-  8.657699E-09
1.407500E+03 1.545715E-06 +/-  8.566883E-09
1.412500E+03 1.531611E-06 +/-  8.579973E-09
1.417500E+03 1.501503E-06 +/-  8.431130E-09
1.422500E+03 1.470613E-06 +/-  8.275409E-09
1.427500E+03 1.450350E-06 +/-  8.114496E-09
1.432500E+03 1.421917E-06 +/-  7.958781E-09
1.437500E+03 1.386042E-06 +/-  7.761768E-09
1.442500E+03 1.378666E-06 +/-  7.677453E-09
1.447500E+03 1.347598E-06 +/-  7.508859E-09
1.452500E+03 1.317217E-06 +/-  7.331623E-09
1.457500E+03 1.296599E-06 +/-  7.196165E-09
1.462500E+03 1.270592E-06 +/-  7.064586E-09
1.467500E+03 1.248947E-06 +/-  7.194874E-09
1.472500E+03 1.235120E-06 +/-  8.538602E-09
1.477500E+03 1.207979E-06 +/-  8.357091E-09
1.482500E+03 1.199020E-06 +/-  8.308095E-09
1.487500E+03 1.171431E-06 +/-  8.102046E-09
1.492500E+03 1.160801E-06 +/-  8.091511E-09
1.497500E+03 1.133537E-06 +/-  7.781652E-09
1.502500E+03 1.119840E-06 +/-  7.707139E-09
1.507500E+03 1.090005E-06 +/-  7.568441E-09
1.512500E+03 1.080307E-06 +/-  7.421527E-09
1.517500E+03 1.065616E-06 +/-  7.237828E-09
1.522500E+03 1.043570E-06 +/-  7.142273E-09
1.527500E+03 1.022589E-06 +/-  6.990622E-09
1.532500E+03 1.011729E-06 +/-  6.910156E-09
1.537500E+03 9.783368E-07 +/-  6.681065E-09
1.542500E+03 9.672804E-07 +/-  6.560523E-09
1.547500E+03 9.577793E-07 +/-  7.400447E-09
1.552500E+03 9.381358E-07 +/-  7.238159E-09
1.557500E+03 9.137189E-07 +/-  7.043570E-09
1.562500E+03 9.074277E-07 +/-  7.098744E-09
1.567500E+03 8.983269E-07 +/-  7.051279E-09
1.572500E+03 8.815605E-07 +/-  6.912075E-09
1.577500E+03 8.704986E-07 +/-  6.827987E-09
1.582500E+03 8.527157E-07 +/-  6.670890E-09
1.587500E+03 8.417734E-07 +/-  6.554956E-09
1.592500E+03 8.215880E-07 +/-  6.376392E-09
1.597500E+03 8.044602E-07 +/-  6.245532E-09
1.602500E+03 8.052058E-07 +/-  6.269436E-09
1.607500E+03 7.887702E-07 +/-  6.133974E-09
1.612500E+03 7.751363E-07 +/-  6.014066E-09
1.617500E+03 7.645931E-07 +/-  5.914154E-09
1.622500E+03 7.485531E-07 +/-  5.792858E-09
1.627500E+03 7.292873E-07 +/-  5.646041E-09
1.632500E+03 7.244943E-07 +/-  5.571683E-09
1.637500E+03 7.132330E-07 +/-  5.482504E-09
1.642500E+03 6.981407E-07 +/-  5.397951E-09
1.647500E+03 7.022032E-07 +/-  5.397672E-09
1.652500E+03 6.812969E-07 +/-  5.235547E-09
1.657500E+03 6.684133E-07 +/-  5.110017E-09
1.662500E+03 6.554743E-07 +/-  5.017304E-09
1.667500E+03 6.536284E-07 +/-  4.978345E-09
1.672500E+03 6.327245E-07 +/-  4.838360E-09
1.677500E+03 6.290494E-07 +/-  4.795595E-09
1.682500E+03 6.176941E-07 +/-  4.701075E-09
1.687500E+03 6.043470E-07 +/-  4.608489E-09
1.692500E+03 5.979226E-07 +/-  4.537821E-09
1.697500E+03 5.957531E-07 +/-  4.500451E-09
1.702500E+03 5.790875E-07 +/-  4.377272E-09
1.707500E+03 5.723523E-07 +/-  4.325097E-09
1.712500E+03 5.615562E-07 +/-  4.231927E-09
1.717500E+03 5.546746E-07 +/-  4.190088E-09
1.722500E+03 5.436071E-07 +/-  4.112806E-09
1.727500E+03 5.369024E-07 +/-  4.042241E-09
1.732500E+03 5.329987E-07 +/-  3.990711E-09
1.737500E+03 5.157064E-07 +/-  3.864594E-09
1.742500E+03 5.153556E-07 +/-  3.865911E-09
1.747500E+03 5.022318E-07 +/-  3.787701E-09
1.752500E+03 4.958426E-07 +/-  3.718205E-09
1.757500E+03 4.893081E-07 +/-  3.752112E-09
1.762500E+03 4.854928E-07 +/-  3.727980E-09
1.767500E+03 4.808140E-07 +/-  3.682798E-09
1.772500E+03 4.678670E-07 +/-  3.594159E-09
1.777500E+03 4.611899E-07 +/-  3.530592E-09
1.782500E+03 4.549426E-07 +/-  3.480477E-09
1.787500E+03 4.481563E-07 +/-  3.422772E-09
1.792500E+03 4.447277E-07 +/-  3.383782E-09
1.797500E+03 4.341733E-07 +/-  3.317162E-09
1.802500E+03 4.372921E-07 +/-  3.321870E-09
1.807500E+03 4.191088E-07 +/-  3.202241E-09
1.812500E+03 4.179225E-07 +/-  3.178747E-09
1.817500E+03 4.110014E-07 +/-  3.111624E-09
1.822500E+03 4.044532E-07 +/-  3.068481E-09
1.827500E+03 3.951787E-07 +/-  2.998259E-09
1.832500E+03 3.928489E-07 +/-  2.974591E-09
1.837500E+03 3.807270E-07 +/-  2.903906E-09
1.842500E+03 3.779394E-07 +/-  2.849639E-09
1.847500E+03 3.751580E-07 +/-  2.829559E-09
1.852500E+03 3.691944E-07 +/-  2.780323E-09
1.857500E+03 3.660895E-07 +/-  2.746512E-09
1.862500E+03 3.555252E-07 +/-  2.688852E-09
1.867500E+03 3.527264E-07 +/-  2.646255E-09
1.872500E+03 3.473254E-07 +/-  2.611276E-09
1.877500E+03 3.433981E-07 +/-  2.563472E-09
1.882500E+03 3.348277E-07 +/-  2.514982E-09
1.887500E+03 3.342346E-07 +/-  2.500257E-09
1.892500E+03 3.301517E-07 +/-  2.460578E-09
1.897500E+03 3.278945E-07 +/-  2.447034E-09
1.902500E+03 3.200401E-07 +/-  2.384050E-09
1.907500E+03 3.138159E-07 +/-  2.335819E-09
1.912500E+03 3.101241E-07 +/-  2.300365E-09
1.917500E+03 3.045221E-07 +/-  2.259754E-09
1.922500E+03 2.997689E-07 +/-  2.219242E-09
1.927500E+03 2.972216E-07 +/-  2.203496E-09
1.932500E+03 2.920895E-07 +/-  2.161199E-09
1.937500E+03 2.879626E-07 +/-  2.135941E-09
1.942500E+03 2.884385E-07 +/-  2.128776E-09
1.947500E+03 2.793861E-07 +/-  2.057664E-09
1.952500E+03 2.734702E-07 +/-  2.015461E-09
1.957500E+03 2.735832E-07 +/-  2.016947E-09
1.962500E+03 2.703680E-07 +/-  1.984965E-09
1.967500E+03 2.658597E-07 +/-  1.950535E-09
1.972500E+03 2.598587E-07 +/-  1.912308E-09
1.977500E+03 2.572478E-07 +/-  1.891084E-09
1.982500E+03 2.536937E-07 +/-  1.847987E-09
1.987500E+03 2.502813E-07 +/-  1.833195E-09
1.992500E+03 2.451330E-07 +/-  1.786739E-09
1.997500E+03 2.411554E-07 +/-  1.767180E-09
