 u,U -> m,M
x-axis: "Mass{p3+p4}$"  from 20.000000 to 500.000000 N_bins= 300
Diff. cross section [pb/GeV]
2.080000E+01 0.000000E+00 +/-  0.000000E+00
2.240000E+01 0.000000E+00 +/-  0.000000E+00
2.400000E+01 0.000000E+00 +/-  0.000000E+00
2.560000E+01 0.000000E+00 +/-  0.000000E+00
2.720000E+01 0.000000E+00 +/-  0.000000E+00
2.880000E+01 0.000000E+00 +/-  0.000000E+00
3.040000E+01 0.000000E+00 +/-  0.000000E+00
3.200000E+01 0.000000E+00 +/-  0.000000E+00
3.360000E+01 0.000000E+00 +/-  0.000000E+00
3.520000E+01 0.000000E+00 +/-  0.000000E+00
3.680000E+01 0.000000E+00 +/-  0.000000E+00
3.840000E+01 0.000000E+00 +/-  0.000000E+00
4.000000E+01 0.000000E+00 +/-  0.000000E+00
4.160000E+01 0.000000E+00 +/-  0.000000E+00
4.320000E+01 0.000000E+00 +/-  0.000000E+00
4.480000E+01 0.000000E+00 +/-  0.000000E+00
4.640000E+01 0.000000E+00 +/-  0.000000E+00
4.800000E+01 0.000000E+00 +/-  0.000000E+00
4.960000E+01 0.000000E+00 +/-  0.000000E+00
5.120000E+01 0.000000E+00 +/-  0.000000E+00
5.280000E+01 0.000000E+00 +/-  0.000000E+00
5.440000E+01 0.000000E+00 +/-  0.000000E+00
5.600000E+01 0.000000E+00 +/-  0.000000E+00
5.760000E+01 0.000000E+00 +/-  0.000000E+00
5.920000E+01 0.000000E+00 +/-  0.000000E+00
6.080000E+01 0.000000E+00 +/-  0.000000E+00
6.240000E+01 0.000000E+00 +/-  0.000000E+00
6.400000E+01 0.000000E+00 +/-  0.000000E+00
6.560000E+01 0.000000E+00 +/-  0.000000E+00
6.720000E+01 0.000000E+00 +/-  0.000000E+00
6.880000E+01 0.000000E+00 +/-  0.000000E+00
7.040000E+01 0.000000E+00 +/-  0.000000E+00
7.200000E+01 0.000000E+00 +/-  0.000000E+00
7.360000E+01 0.000000E+00 +/-  0.000000E+00
7.520000E+01 0.000000E+00 +/-  0.000000E+00
7.680000E+01 0.000000E+00 +/-  0.000000E+00
7.840000E+01 0.000000E+00 +/-  0.000000E+00
8.000000E+01 0.000000E+00 +/-  0.000000E+00
8.160000E+01 0.000000E+00 +/-  0.000000E+00
8.320000E+01 0.000000E+00 +/-  0.000000E+00
8.480000E+01 0.000000E+00 +/-  0.000000E+00
8.640000E+01 0.000000E+00 +/-  0.000000E+00
8.800000E+01 0.000000E+00 +/-  0.000000E+00
8.960000E+01 0.000000E+00 +/-  0.000000E+00
9.120000E+01 0.000000E+00 +/-  0.000000E+00
9.280000E+01 0.000000E+00 +/-  0.000000E+00
9.440000E+01 0.000000E+00 +/-  0.000000E+00
9.600000E+01 0.000000E+00 +/-  0.000000E+00
9.760000E+01 0.000000E+00 +/-  0.000000E+00
9.920000E+01 0.000000E+00 +/-  0.000000E+00
1.008000E+02 1.131276E-01 +/-  7.795477E-04
1.024000E+02 1.541012E-01 +/-  7.821342E-04
1.040000E+02 1.507749E-01 +/-  6.743200E-04
1.056000E+02 1.387916E-01 +/-  5.721220E-04
1.072000E+02 1.243578E-01 +/-  4.757850E-04
1.088000E+02 1.109054E-01 +/-  3.995275E-04
1.104000E+02 9.975713E-02 +/-  3.484503E-04
1.120000E+02 9.027674E-02 +/-  3.099815E-04
1.136000E+02 8.073126E-02 +/-  2.664112E-04
1.152000E+02 7.322252E-02 +/-  2.374459E-04
1.168000E+02 6.621016E-02 +/-  2.096369E-04
1.184000E+02 6.020154E-02 +/-  1.873255E-04
1.200000E+02 5.509611E-02 +/-  1.699678E-04
1.216000E+02 4.999904E-02 +/-  1.498832E-04
1.232000E+02 4.602901E-02 +/-  1.376694E-04
1.248000E+02 4.235661E-02 +/-  1.262662E-04
1.264000E+02 3.910998E-02 +/-  1.150890E-04
1.280000E+02 3.606733E-02 +/-  1.058193E-04
1.296000E+02 3.348150E-02 +/-  9.753697E-05
1.312000E+02 3.096682E-02 +/-  8.930748E-05
1.328000E+02 2.880064E-02 +/-  8.286148E-05
1.344000E+02 2.686815E-02 +/-  7.734264E-05
1.360000E+02 2.506880E-02 +/-  7.178684E-05
1.376000E+02 2.340254E-02 +/-  6.659192E-05
1.392000E+02 2.183902E-02 +/-  6.181429E-05
1.408000E+02 2.042163E-02 +/-  5.801136E-05
1.424000E+02 1.921994E-02 +/-  5.563662E-05
1.440000E+02 1.814793E-02 +/-  5.497274E-05
1.456000E+02 1.712275E-02 +/-  5.483654E-05
1.472000E+02 1.597431E-02 +/-  5.336320E-05
1.488000E+02 1.506093E-02 +/-  5.044163E-05
1.504000E+02 1.431792E-02 +/-  4.789661E-05
1.520000E+02 1.353458E-02 +/-  4.508597E-05
1.536000E+02 1.271618E-02 +/-  4.283816E-05
1.552000E+02 1.206154E-02 +/-  4.052637E-05
1.568000E+02 1.146982E-02 +/-  3.844981E-05
1.584000E+02 1.091701E-02 +/-  3.776924E-05
1.600000E+02 1.033443E-02 +/-  3.606389E-05
1.616000E+02 9.806268E-03 +/-  3.420877E-05
1.632000E+02 9.326832E-03 +/-  3.356895E-05
1.648000E+02 8.858405E-03 +/-  3.281367E-05
1.664000E+02 8.484389E-03 +/-  3.191362E-05
1.680000E+02 8.025912E-03 +/-  3.049086E-05
1.696000E+02 7.717654E-03 +/-  2.916191E-05
1.712000E+02 7.306842E-03 +/-  2.765504E-05
1.728000E+02 6.998878E-03 +/-  2.721670E-05
1.744000E+02 6.678314E-03 +/-  2.665814E-05
1.760000E+02 6.429009E-03 +/-  2.652341E-05
1.776000E+02 6.140542E-03 +/-  2.576446E-05
1.792000E+02 5.810407E-03 +/-  2.432477E-05
1.808000E+02 5.615780E-03 +/-  2.353272E-05
1.824000E+02 5.395762E-03 +/-  2.255649E-05
1.840000E+02 5.136732E-03 +/-  2.270944E-05
1.856000E+02 4.969533E-03 +/-  2.205380E-05
1.872000E+02 4.716742E-03 +/-  2.090844E-05
1.888000E+02 4.560098E-03 +/-  2.084976E-05
1.904000E+02 4.376663E-03 +/-  2.045024E-05
1.920000E+02 4.220705E-03 +/-  1.971442E-05
1.936000E+02 4.046163E-03 +/-  1.885920E-05
1.952000E+02 3.902869E-03 +/-  1.820430E-05
1.968000E+02 3.723766E-03 +/-  1.788096E-05
1.984000E+02 3.601877E-03 +/-  1.819804E-05
2.000000E+02 3.475217E-03 +/-  1.738138E-05
2.016000E+02 3.362482E-03 +/-  1.689771E-05
2.032000E+02 3.234448E-03 +/-  1.630783E-05
2.048000E+02 3.099745E-03 +/-  1.607002E-05
2.064000E+02 3.001422E-03 +/-  1.564944E-05
2.080000E+02 2.886715E-03 +/-  1.513207E-05
2.096000E+02 2.768325E-03 +/-  1.445604E-05
2.112000E+02 2.701406E-03 +/-  1.413488E-05
2.128000E+02 2.617197E-03 +/-  1.358544E-05
2.144000E+02 2.506776E-03 +/-  1.335196E-05
2.160000E+02 2.426897E-03 +/-  1.332856E-05
2.176000E+02 2.331693E-03 +/-  1.330001E-05
2.192000E+02 2.276273E-03 +/-  1.344703E-05
2.208000E+02 2.191315E-03 +/-  1.286439E-05
2.224000E+02 2.111830E-03 +/-  1.267128E-05
2.240000E+02 2.068185E-03 +/-  1.271869E-05
2.256000E+02 1.991471E-03 +/-  1.244989E-05
2.272000E+02 1.931474E-03 +/-  1.196004E-05
2.288000E+02 1.862372E-03 +/-  1.145801E-05
2.304000E+02 1.817886E-03 +/-  1.120863E-05
2.320000E+02 1.755911E-03 +/-  1.080034E-05
2.336000E+02 1.704914E-03 +/-  1.041681E-05
2.352000E+02 1.647116E-03 +/-  1.002379E-05
2.368000E+02 1.594432E-03 +/-  9.755751E-06
2.384000E+02 1.550759E-03 +/-  9.444098E-06
2.400000E+02 1.491450E-03 +/-  9.258305E-06
2.416000E+02 1.462952E-03 +/-  9.542335E-06
2.432000E+02 1.416646E-03 +/-  9.295004E-06
2.448000E+02 1.369151E-03 +/-  8.942072E-06
2.464000E+02 1.347569E-03 +/-  8.860250E-06
2.480000E+02 1.296743E-03 +/-  8.871418E-06
2.496000E+02 1.248125E-03 +/-  8.455677E-06
2.512000E+02 1.225682E-03 +/-  8.659436E-06
2.528000E+02 1.186009E-03 +/-  9.190883E-06
2.544000E+02 1.164213E-03 +/-  9.138204E-06
2.560000E+02 1.135212E-03 +/-  9.033187E-06
2.576000E+02 1.087484E-03 +/-  8.484322E-06
2.592000E+02 1.079145E-03 +/-  8.532606E-06
2.608000E+02 1.026839E-03 +/-  8.032471E-06
2.624000E+02 1.003615E-03 +/-  7.780089E-06
2.640000E+02 9.817689E-04 +/-  7.703030E-06
2.656000E+02 9.673117E-04 +/-  7.543045E-06
2.672000E+02 9.241592E-04 +/-  7.230762E-06
2.688000E+02 9.061318E-04 +/-  6.972349E-06
2.704000E+02 8.821123E-04 +/-  6.771165E-06
2.720000E+02 8.578733E-04 +/-  6.661798E-06
2.736000E+02 8.302662E-04 +/-  6.432838E-06
2.752000E+02 8.184826E-04 +/-  6.308647E-06
2.768000E+02 7.896009E-04 +/-  5.974650E-06
2.784000E+02 7.794526E-04 +/-  6.010692E-06
2.800000E+02 7.509864E-04 +/-  6.617472E-06
2.816000E+02 7.424873E-04 +/-  6.584696E-06
2.832000E+02 7.232171E-04 +/-  6.472315E-06
2.848000E+02 7.054905E-04 +/-  6.258976E-06
2.864000E+02 6.867532E-04 +/-  6.216225E-06
2.880000E+02 6.675118E-04 +/-  5.888203E-06
2.896000E+02 6.482710E-04 +/-  5.789582E-06
2.912000E+02 6.324873E-04 +/-  5.548671E-06
2.928000E+02 6.221495E-04 +/-  5.499408E-06
2.944000E+02 6.005326E-04 +/-  5.276426E-06
2.960000E+02 5.926772E-04 +/-  5.248597E-06
2.976000E+02 5.749871E-04 +/-  5.077088E-06
2.992000E+02 5.678184E-04 +/-  5.006588E-06
3.008000E+02 5.555712E-04 +/-  4.861523E-06
3.024000E+02 5.388101E-04 +/-  4.745731E-06
3.040000E+02 5.253135E-04 +/-  4.607950E-06
3.056000E+02 5.152320E-04 +/-  4.479974E-06
3.072000E+02 5.026555E-04 +/-  4.345475E-06
3.088000E+02 4.905149E-04 +/-  4.300594E-06
3.104000E+02 4.785172E-04 +/-  4.199448E-06
3.120000E+02 4.766226E-04 +/-  4.158668E-06
3.136000E+02 4.601431E-04 +/-  3.950510E-06
3.152000E+02 4.469301E-04 +/-  3.827210E-06
3.168000E+02 4.382917E-04 +/-  3.810272E-06
3.184000E+02 4.285879E-04 +/-  3.809111E-06
3.200000E+02 4.235033E-04 +/-  3.793425E-06
3.216000E+02 4.108194E-04 +/-  3.678959E-06
3.232000E+02 4.044230E-04 +/-  4.418707E-06
3.248000E+02 3.977614E-04 +/-  4.707451E-06
3.264000E+02 3.853502E-04 +/-  4.416644E-06
3.280000E+02 3.748131E-04 +/-  4.243960E-06
3.296000E+02 3.750675E-04 +/-  4.362810E-06
3.312000E+02 3.586363E-04 +/-  4.173279E-06
3.328000E+02 3.451546E-04 +/-  3.873452E-06
3.344000E+02 3.460204E-04 +/-  3.941268E-06
3.360000E+02 3.374461E-04 +/-  3.893262E-06
3.376000E+02 3.329616E-04 +/-  3.832435E-06
3.392000E+02 3.235073E-04 +/-  3.746201E-06
3.408000E+02 3.188257E-04 +/-  3.701116E-06
3.424000E+02 3.123944E-04 +/-  3.509688E-06
3.440000E+02 3.068752E-04 +/-  3.459372E-06
3.456000E+02 3.038982E-04 +/-  3.467200E-06
3.472000E+02 2.979385E-04 +/-  3.285399E-06
3.488000E+02 2.873603E-04 +/-  3.198471E-06
3.504000E+02 2.856638E-04 +/-  3.235487E-06
3.520000E+02 2.788873E-04 +/-  3.224833E-06
3.536000E+02 2.740557E-04 +/-  3.175769E-06
3.552000E+02 2.651078E-04 +/-  3.471551E-06
3.568000E+02 2.699617E-04 +/-  3.585351E-06
3.584000E+02 2.570623E-04 +/-  3.223639E-06
3.600000E+02 2.471509E-04 +/-  3.232879E-06
3.616000E+02 2.467211E-04 +/-  3.232183E-06
3.632000E+02 2.402362E-04 +/-  2.989892E-06
3.648000E+02 2.352170E-04 +/-  2.970955E-06
3.664000E+02 2.253069E-04 +/-  2.856453E-06
3.680000E+02 2.264178E-04 +/-  2.930448E-06
3.696000E+02 2.280398E-04 +/-  3.046057E-06
3.712000E+02 2.207099E-04 +/-  2.891905E-06
3.728000E+02 2.163115E-04 +/-  2.789789E-06
3.744000E+02 2.161865E-04 +/-  2.810625E-06
3.760000E+02 2.093443E-04 +/-  2.688883E-06
3.776000E+02 2.059887E-04 +/-  2.690944E-06
3.792000E+02 2.002175E-04 +/-  2.520063E-06
3.808000E+02 1.960764E-04 +/-  2.493977E-06
3.824000E+02 1.950454E-04 +/-  2.551217E-06
3.840000E+02 1.898952E-04 +/-  2.428487E-06
3.856000E+02 1.855163E-04 +/-  2.346065E-06
3.872000E+02 1.806210E-04 +/-  2.289450E-06
3.888000E+02 1.809415E-04 +/-  2.306317E-06
3.904000E+02 1.741723E-04 +/-  2.158180E-06
3.920000E+02 1.689965E-04 +/-  2.129210E-06
3.936000E+02 1.676649E-04 +/-  2.122396E-06
3.952000E+02 1.655223E-04 +/-  2.059259E-06
3.968000E+02 1.632514E-04 +/-  1.989638E-06
3.984000E+02 1.620177E-04 +/-  2.066436E-06
4.000000E+02 1.561794E-04 +/-  1.977992E-06
4.016000E+02 1.539945E-04 +/-  1.924192E-06
4.032000E+02 1.500623E-04 +/-  1.891154E-06
4.048000E+02 1.524055E-04 +/-  1.914442E-06
4.064000E+02 1.445903E-04 +/-  1.786042E-06
4.080000E+02 1.447531E-04 +/-  1.773388E-06
4.096000E+02 1.430042E-04 +/-  1.799884E-06
4.112000E+02 1.424497E-04 +/-  1.796282E-06
4.128000E+02 1.426155E-04 +/-  1.810722E-06
4.144000E+02 1.314439E-04 +/-  1.598778E-06
4.160000E+02 1.348073E-04 +/-  1.694701E-06
4.176000E+02 1.353961E-04 +/-  1.706800E-06
4.192000E+02 1.305968E-04 +/-  1.647322E-06
4.208000E+02 1.293002E-04 +/-  1.596852E-06
4.224000E+02 1.249734E-04 +/-  1.569623E-06
4.240000E+02 1.230020E-04 +/-  1.519816E-06
4.256000E+02 1.186859E-04 +/-  1.465715E-06
4.272000E+02 1.191447E-04 +/-  1.439040E-06
4.288000E+02 1.196162E-04 +/-  1.493044E-06
4.304000E+02 1.177214E-04 +/-  1.505475E-06
4.320000E+02 1.127291E-04 +/-  1.420353E-06
4.336000E+02 1.125767E-04 +/-  1.446609E-06
4.352000E+02 1.101624E-04 +/-  1.415996E-06
4.368000E+02 1.076322E-04 +/-  1.331663E-06
4.384000E+02 1.066209E-04 +/-  1.378247E-06
4.400000E+02 1.027630E-04 +/-  1.255202E-06
4.416000E+02 1.030049E-04 +/-  1.295358E-06
4.432000E+02 1.017088E-04 +/-  1.254276E-06
4.448000E+02 9.993811E-05 +/-  1.251546E-06
4.464000E+02 9.687194E-05 +/-  1.189133E-06
4.480000E+02 9.670672E-05 +/-  1.213427E-06
4.496000E+02 9.428845E-05 +/-  1.144926E-06
4.512000E+02 9.360253E-05 +/-  1.152887E-06
4.528000E+02 9.430471E-05 +/-  1.173626E-06
4.544000E+02 9.243933E-05 +/-  1.155467E-06
4.560000E+02 9.115566E-05 +/-  1.129884E-06
4.576000E+02 8.813318E-05 +/-  1.084308E-06
4.592000E+02 8.636243E-05 +/-  1.057892E-06
4.608000E+02 8.303420E-05 +/-  1.023205E-06
4.624000E+02 8.300887E-05 +/-  1.009574E-06
4.640000E+02 8.125327E-05 +/-  9.765215E-07
4.656000E+02 8.180468E-05 +/-  1.006380E-06
4.672000E+02 8.126927E-05 +/-  9.824007E-07
4.688000E+02 7.926624E-05 +/-  9.916654E-07
4.704000E+02 7.835872E-05 +/-  9.559826E-07
4.720000E+02 7.671888E-05 +/-  9.281109E-07
4.736000E+02 7.618779E-05 +/-  9.285774E-07
4.752000E+02 7.571777E-05 +/-  9.393424E-07
4.768000E+02 7.317932E-05 +/-  8.787754E-07
4.784000E+02 7.169024E-05 +/-  8.586580E-07
4.800000E+02 7.139753E-05 +/-  8.589824E-07
4.816000E+02 7.214468E-05 +/-  8.800561E-07
4.832000E+02 6.876945E-05 +/-  7.989917E-07
4.848000E+02 6.795048E-05 +/-  8.239907E-07
4.864000E+02 6.870638E-05 +/-  8.281913E-07
4.880000E+02 6.702886E-05 +/-  8.040831E-07
4.896000E+02 6.544203E-05 +/-  7.916160E-07
4.912000E+02 6.553022E-05 +/-  8.045209E-07
4.928000E+02 6.365873E-05 +/-  7.588475E-07
4.944000E+02 6.349531E-05 +/-  7.587219E-07
4.960000E+02 6.315516E-05 +/-  7.606429E-07
4.976000E+02 6.001968E-05 +/-  7.103799E-07
4.992000E+02 6.020224E-05 +/-  7.219873E-07
