 c,C -> m,M
x-axis: "Mass{p3+p4}$"  from 1520.000000 to 1820.000000 N_bins= 300
Diff. cross section [pb/GeV]
1.520500E+03 3.173754E-09 +/-  7.776118E-12
1.521500E+03 3.164157E-09 +/-  7.761333E-12
1.522500E+03 3.145730E-09 +/-  7.715004E-12
1.523500E+03 3.125976E-09 +/-  7.665222E-12
1.524500E+03 3.121898E-09 +/-  7.662636E-12
1.525500E+03 3.108292E-09 +/-  7.628435E-12
1.526500E+03 3.081246E-09 +/-  7.558054E-12
1.527500E+03 3.080035E-09 +/-  7.579316E-12
1.528500E+03 3.063617E-09 +/-  7.538837E-12
1.529500E+03 3.042591E-09 +/-  7.489913E-12
1.530500E+03 3.035709E-09 +/-  7.476338E-12
1.531500E+03 3.013378E-09 +/-  7.447945E-12
1.532500E+03 3.005428E-09 +/-  7.425076E-12
1.533500E+03 2.992455E-09 +/-  7.388210E-12
1.534500E+03 2.980797E-09 +/-  7.384752E-12
1.535500E+03 2.960313E-09 +/-  7.329794E-12
1.536500E+03 2.955275E-09 +/-  7.331644E-12
1.537500E+03 2.932528E-09 +/-  7.267390E-12
1.538500E+03 2.929228E-09 +/-  7.286005E-12
1.539500E+03 2.905577E-09 +/-  7.201239E-12
1.540500E+03 2.907142E-09 +/-  7.235587E-12
1.541500E+03 2.879409E-09 +/-  7.176767E-12
1.542500E+03 2.874904E-09 +/-  7.182461E-12
1.543500E+03 2.855452E-09 +/-  7.138829E-12
1.544500E+03 2.848242E-09 +/-  7.112220E-12
1.545500E+03 2.833797E-09 +/-  7.107671E-12
1.546500E+03 2.814279E-09 +/-  7.053107E-12
1.547500E+03 2.810854E-09 +/-  7.022743E-12
1.548500E+03 2.792346E-09 +/-  7.011374E-12
1.549500E+03 2.781700E-09 +/-  6.991160E-12
1.550500E+03 2.767618E-09 +/-  6.952686E-12
1.551500E+03 2.757216E-09 +/-  6.927224E-12
1.552500E+03 2.741267E-09 +/-  6.903773E-12
1.553500E+03 2.728122E-09 +/-  6.884693E-12
1.554500E+03 2.721119E-09 +/-  6.877154E-12
1.555500E+03 2.701183E-09 +/-  6.827843E-12
1.556500E+03 2.704932E-09 +/-  6.843185E-12
1.557500E+03 2.679918E-09 +/-  6.793370E-12
1.558500E+03 2.667510E-09 +/-  6.764562E-12
1.559500E+03 2.659376E-09 +/-  6.746297E-12
1.560500E+03 2.651114E-09 +/-  6.735303E-12
1.561500E+03 2.641105E-09 +/-  6.708665E-12
1.562500E+03 2.619664E-09 +/-  6.669187E-12
1.563500E+03 2.609914E-09 +/-  6.652878E-12
1.564500E+03 2.594982E-09 +/-  6.617113E-12
1.565500E+03 2.589155E-09 +/-  6.609531E-12
1.566500E+03 2.572656E-09 +/-  6.569283E-12
1.567500E+03 2.567824E-09 +/-  6.573948E-12
1.568500E+03 2.556245E-09 +/-  6.536475E-12
1.569500E+03 2.540578E-09 +/-  6.518130E-12
1.570500E+03 2.534779E-09 +/-  6.518452E-12
1.571500E+03 2.511452E-09 +/-  6.443703E-12
1.572500E+03 2.508241E-09 +/-  6.447410E-12
1.573500E+03 2.499972E-09 +/-  6.443287E-12
1.574500E+03 2.485083E-09 +/-  6.406346E-12
1.575500E+03 2.467207E-09 +/-  6.361946E-12
1.576500E+03 2.463752E-09 +/-  6.372632E-12
1.577500E+03 2.455048E-09 +/-  6.354649E-12
1.578500E+03 2.439001E-09 +/-  6.310379E-12
1.579500E+03 2.426359E-09 +/-  6.287077E-12
1.580500E+03 2.419631E-09 +/-  6.263883E-12
1.581500E+03 2.405980E-09 +/-  6.253118E-12
1.582500E+03 2.399260E-09 +/-  6.237287E-12
1.583500E+03 2.384298E-09 +/-  6.215307E-12
1.584500E+03 2.376858E-09 +/-  6.176351E-12
1.585500E+03 2.361124E-09 +/-  6.145757E-12
1.586500E+03 2.362955E-09 +/-  6.177043E-12
1.587500E+03 2.333642E-09 +/-  6.107608E-12
1.588500E+03 2.339473E-09 +/-  6.113437E-12
1.589500E+03 2.321590E-09 +/-  6.068852E-12
1.590500E+03 2.311075E-09 +/-  6.062073E-12
1.591500E+03 2.299673E-09 +/-  6.048377E-12
1.592500E+03 2.297873E-09 +/-  6.033717E-12
1.593500E+03 2.282748E-09 +/-  5.998733E-12
1.594500E+03 2.268848E-09 +/-  5.979196E-12
1.595500E+03 2.264731E-09 +/-  5.971076E-12
1.596500E+03 2.246322E-09 +/-  5.940347E-12
1.597500E+03 2.240691E-09 +/-  5.918405E-12
1.598500E+03 2.235836E-09 +/-  5.899125E-12
1.599500E+03 2.223285E-09 +/-  5.887873E-12
1.600500E+03 2.213035E-09 +/-  5.863848E-12
1.601500E+03 2.205909E-09 +/-  5.856944E-12
1.602500E+03 2.186144E-09 +/-  5.806851E-12
1.603500E+03 2.180610E-09 +/-  5.791983E-12
1.604500E+03 2.178321E-09 +/-  5.791671E-12
1.605500E+03 2.161796E-09 +/-  5.763065E-12
1.606500E+03 2.154688E-09 +/-  5.746010E-12
1.607500E+03 2.143437E-09 +/-  5.723161E-12
1.608500E+03 2.138755E-09 +/-  5.712184E-12
1.609500E+03 2.122010E-09 +/-  5.680960E-12
1.610500E+03 2.118488E-09 +/-  5.677499E-12
1.611500E+03 2.106718E-09 +/-  5.649060E-12
1.612500E+03 2.092590E-09 +/-  5.620641E-12
1.613500E+03 2.087384E-09 +/-  5.599099E-12
1.614500E+03 2.083731E-09 +/-  5.615315E-12
1.615500E+03 2.067702E-09 +/-  5.576916E-12
1.616500E+03 2.060430E-09 +/-  5.543350E-12
1.617500E+03 2.050249E-09 +/-  5.543028E-12
1.618500E+03 2.051398E-09 +/-  5.528129E-12
1.619500E+03 2.027531E-09 +/-  5.496176E-12
1.620500E+03 2.022729E-09 +/-  5.479579E-12
1.621500E+03 2.017606E-09 +/-  5.468007E-12
1.622500E+03 2.007159E-09 +/-  5.447742E-12
1.623500E+03 1.999319E-09 +/-  5.431591E-12
1.624500E+03 1.985940E-09 +/-  5.407025E-12
1.625500E+03 1.986257E-09 +/-  5.410990E-12
1.626500E+03 1.967035E-09 +/-  5.362068E-12
1.627500E+03 1.958655E-09 +/-  5.353084E-12
1.628500E+03 1.959585E-09 +/-  5.352695E-12
1.629500E+03 1.950211E-09 +/-  5.338076E-12
1.630500E+03 1.934170E-09 +/-  5.299002E-12
1.631500E+03 1.924164E-09 +/-  5.283427E-12
1.632500E+03 1.933613E-09 +/-  5.289462E-12
1.633500E+03 1.903310E-09 +/-  5.238775E-12
1.634500E+03 1.903891E-09 +/-  5.236093E-12
1.635500E+03 1.894658E-09 +/-  5.228506E-12
1.636500E+03 1.889422E-09 +/-  5.210356E-12
1.637500E+03 1.877604E-09 +/-  5.187858E-12
1.638500E+03 1.866457E-09 +/-  5.150948E-12
1.639500E+03 1.861781E-09 +/-  5.153683E-12
1.640500E+03 1.860982E-09 +/-  5.150994E-12
1.641500E+03 1.844526E-09 +/-  5.120875E-12
1.642500E+03 1.839864E-09 +/-  5.111536E-12
1.643500E+03 1.825700E-09 +/-  5.081444E-12
1.644500E+03 1.824185E-09 +/-  5.065891E-12
1.645500E+03 1.815596E-09 +/-  5.057914E-12
1.646500E+03 1.807784E-09 +/-  5.043854E-12
1.647500E+03 1.801043E-09 +/-  5.028983E-12
1.648500E+03 1.785594E-09 +/-  5.003140E-12
1.649500E+03 1.788819E-09 +/-  4.996853E-12
1.650500E+03 1.769686E-09 +/-  4.957890E-12
1.651500E+03 1.766808E-09 +/-  4.955712E-12
1.652500E+03 1.760707E-09 +/-  4.938977E-12
1.653500E+03 1.759106E-09 +/-  4.943057E-12
1.654500E+03 1.736610E-09 +/-  4.904033E-12
1.655500E+03 1.741041E-09 +/-  4.903918E-12
1.656500E+03 1.725621E-09 +/-  4.859478E-12
1.657500E+03 1.727190E-09 +/-  4.871682E-12
1.658500E+03 1.714102E-09 +/-  4.849651E-12
1.659500E+03 1.707693E-09 +/-  4.840496E-12
1.660500E+03 1.700016E-09 +/-  4.820211E-12
1.661500E+03 1.684463E-09 +/-  4.788578E-12
1.662500E+03 1.687506E-09 +/-  4.785427E-12
1.663500E+03 1.677754E-09 +/-  4.766023E-12
1.664500E+03 1.667307E-09 +/-  4.752492E-12
1.665500E+03 1.662245E-09 +/-  4.745330E-12
1.666500E+03 1.659921E-09 +/-  4.738227E-12
1.667500E+03 1.645312E-09 +/-  4.706720E-12
1.668500E+03 1.647702E-09 +/-  4.706874E-12
1.669500E+03 1.629901E-09 +/-  4.662849E-12
1.670500E+03 1.629692E-09 +/-  4.673492E-12
1.671500E+03 1.614812E-09 +/-  4.642923E-12
1.672500E+03 1.615310E-09 +/-  4.643993E-12
1.673500E+03 1.607202E-09 +/-  4.628626E-12
1.674500E+03 1.600801E-09 +/-  4.610236E-12
1.675500E+03 1.588863E-09 +/-  4.579731E-12
1.676500E+03 1.589221E-09 +/-  4.579820E-12
1.677500E+03 1.581710E-09 +/-  4.570721E-12
1.678500E+03 1.569178E-09 +/-  4.547060E-12
1.679500E+03 1.566140E-09 +/-  4.547243E-12
1.680500E+03 1.560056E-09 +/-  4.525091E-12
1.681500E+03 1.550050E-09 +/-  4.497272E-12
1.682500E+03 1.544356E-09 +/-  4.488379E-12
1.683500E+03 1.537100E-09 +/-  4.478180E-12
1.684500E+03 1.533813E-09 +/-  4.464659E-12
1.685500E+03 1.529354E-09 +/-  4.464195E-12
1.686500E+03 1.512747E-09 +/-  4.433567E-12
1.687500E+03 1.515715E-09 +/-  4.431550E-12
1.688500E+03 1.507609E-09 +/-  4.404680E-12
1.689500E+03 1.499595E-09 +/-  4.394139E-12
1.690500E+03 1.486865E-09 +/-  4.372914E-12
1.691500E+03 1.491671E-09 +/-  4.378545E-12
1.692500E+03 1.483323E-09 +/-  4.364420E-12
1.693500E+03 1.470130E-09 +/-  4.338391E-12
1.694500E+03 1.466597E-09 +/-  4.331107E-12
1.695500E+03 1.460188E-09 +/-  4.307379E-12
1.696500E+03 1.457750E-09 +/-  4.305170E-12
1.697500E+03 1.447590E-09 +/-  4.290051E-12
1.698500E+03 1.445445E-09 +/-  4.272623E-12
1.699500E+03 1.436632E-09 +/-  4.263803E-12
1.700500E+03 1.430276E-09 +/-  4.258445E-12
1.701500E+03 1.421019E-09 +/-  4.231711E-12
1.702500E+03 1.420213E-09 +/-  4.224746E-12
1.703500E+03 1.414688E-09 +/-  4.210555E-12
1.704500E+03 1.407131E-09 +/-  4.207065E-12
1.705500E+03 1.398855E-09 +/-  4.172164E-12
1.706500E+03 1.394162E-09 +/-  4.169526E-12
1.707500E+03 1.383430E-09 +/-  4.150337E-12
1.708500E+03 1.392317E-09 +/-  4.166513E-12
1.709500E+03 1.374444E-09 +/-  4.135056E-12
1.710500E+03 1.366907E-09 +/-  4.111359E-12
1.711500E+03 1.366450E-09 +/-  4.108836E-12
1.712500E+03 1.355944E-09 +/-  4.089063E-12
1.713500E+03 1.351619E-09 +/-  4.073140E-12
1.714500E+03 1.353017E-09 +/-  4.076106E-12
1.715500E+03 1.339857E-09 +/-  4.059785E-12
1.716500E+03 1.333219E-09 +/-  4.044338E-12
1.717500E+03 1.332587E-09 +/-  4.040876E-12
1.718500E+03 1.326974E-09 +/-  4.020569E-12
1.719500E+03 1.316014E-09 +/-  4.002561E-12
1.720500E+03 1.315754E-09 +/-  3.995338E-12
1.721500E+03 1.305773E-09 +/-  3.974821E-12
1.722500E+03 1.304134E-09 +/-  3.971185E-12
1.723500E+03 1.295904E-09 +/-  3.962019E-12
1.724500E+03 1.297074E-09 +/-  3.965598E-12
1.725500E+03 1.280974E-09 +/-  3.932616E-12
1.726500E+03 1.285296E-09 +/-  3.927824E-12
1.727500E+03 1.276040E-09 +/-  3.917399E-12
1.728500E+03 1.268170E-09 +/-  3.894403E-12
1.729500E+03 1.261706E-09 +/-  3.875265E-12
1.730500E+03 1.259045E-09 +/-  3.872029E-12
1.731500E+03 1.256270E-09 +/-  3.880751E-12
1.732500E+03 1.246530E-09 +/-  3.860877E-12
1.733500E+03 1.241459E-09 +/-  3.843517E-12
1.734500E+03 1.234602E-09 +/-  3.819682E-12
1.735500E+03 1.238133E-09 +/-  3.831431E-12
1.736500E+03 1.224157E-09 +/-  3.798086E-12
1.737500E+03 1.226243E-09 +/-  3.792548E-12
1.738500E+03 1.215287E-09 +/-  3.776438E-12
1.739500E+03 1.215908E-09 +/-  3.784540E-12
1.740500E+03 1.203082E-09 +/-  3.762212E-12
1.741500E+03 1.205426E-09 +/-  3.762976E-12
1.742500E+03 1.198601E-09 +/-  3.738560E-12
1.743500E+03 1.191268E-09 +/-  3.727519E-12
1.744500E+03 1.189702E-09 +/-  3.720142E-12
1.745500E+03 1.180002E-09 +/-  3.697185E-12
1.746500E+03 1.176687E-09 +/-  3.690155E-12
1.747500E+03 1.172972E-09 +/-  3.679539E-12
1.748500E+03 1.169571E-09 +/-  3.680936E-12
1.749500E+03 1.157141E-09 +/-  3.663091E-12
1.750500E+03 1.161391E-09 +/-  3.663585E-12
1.751500E+03 1.150013E-09 +/-  3.629390E-12
1.752500E+03 1.149561E-09 +/-  3.636806E-12
1.753500E+03 1.143441E-09 +/-  3.616554E-12
1.754500E+03 1.140975E-09 +/-  3.614795E-12
1.755500E+03 1.129581E-09 +/-  3.583319E-12
1.756500E+03 1.126919E-09 +/-  3.580301E-12
1.757500E+03 1.127081E-09 +/-  3.582787E-12
1.758500E+03 1.118859E-09 +/-  3.568671E-12
1.759500E+03 1.115780E-09 +/-  3.559427E-12
1.760500E+03 1.111066E-09 +/-  3.543576E-12
1.761500E+03 1.109670E-09 +/-  3.547234E-12
1.762500E+03 1.096388E-09 +/-  3.522919E-12
1.763500E+03 1.095548E-09 +/-  3.508380E-12
1.764500E+03 1.092560E-09 +/-  3.496718E-12
1.765500E+03 1.085307E-09 +/-  3.476321E-12
1.766500E+03 1.083358E-09 +/-  3.480375E-12
1.767500E+03 1.080928E-09 +/-  3.483467E-12
1.768500E+03 1.069106E-09 +/-  3.458854E-12
1.769500E+03 1.069844E-09 +/-  3.455642E-12
1.770500E+03 1.064860E-09 +/-  3.457101E-12
1.771500E+03 1.058807E-09 +/-  3.436260E-12
1.772500E+03 1.056311E-09 +/-  3.421402E-12
1.773500E+03 1.052448E-09 +/-  3.412366E-12
1.774500E+03 1.046536E-09 +/-  3.392538E-12
1.775500E+03 1.044031E-09 +/-  3.377746E-12
1.776500E+03 1.038442E-09 +/-  3.384017E-12
1.777500E+03 1.035386E-09 +/-  3.385887E-12
1.778500E+03 1.027611E-09 +/-  3.364589E-12
1.779500E+03 1.025917E-09 +/-  3.362350E-12
1.780500E+03 1.019514E-09 +/-  3.350421E-12
1.781500E+03 1.016364E-09 +/-  3.334319E-12
1.782500E+03 1.016004E-09 +/-  3.327404E-12
1.783500E+03 1.007526E-09 +/-  3.305333E-12
1.784500E+03 1.007647E-09 +/-  3.296357E-12
1.785500E+03 9.997865E-10 +/-  3.280667E-12
1.786500E+03 9.944842E-10 +/-  3.276006E-12
1.787500E+03 9.927368E-10 +/-  3.289207E-12
1.788500E+03 9.859655E-10 +/-  3.267668E-12
1.789500E+03 9.854893E-10 +/-  3.272018E-12
1.790500E+03 9.803308E-10 +/-  3.254977E-12
1.791500E+03 9.777329E-10 +/-  3.244961E-12
1.792500E+03 9.674619E-10 +/-  3.219517E-12
1.793500E+03 9.662462E-10 +/-  3.209919E-12
1.794500E+03 9.685119E-10 +/-  3.210427E-12
1.795500E+03 9.575573E-10 +/-  3.185257E-12
1.796500E+03 9.567229E-10 +/-  3.178783E-12
1.797500E+03 9.510167E-10 +/-  3.183114E-12
1.798500E+03 9.473280E-10 +/-  3.180745E-12
1.799500E+03 9.455017E-10 +/-  3.181735E-12
1.800500E+03 9.419766E-10 +/-  3.168330E-12
1.801500E+03 9.346693E-10 +/-  3.147615E-12
1.802500E+03 9.293191E-10 +/-  3.134347E-12
1.803500E+03 9.311083E-10 +/-  3.134065E-12
1.804500E+03 9.247719E-10 +/-  3.114548E-12
1.805500E+03 9.164825E-10 +/-  3.093626E-12
1.806500E+03 9.201768E-10 +/-  3.095572E-12
1.807500E+03 9.101364E-10 +/-  3.069438E-12
1.808500E+03 9.139928E-10 +/-  3.084347E-12
1.809500E+03 9.051645E-10 +/-  3.077905E-12
1.810500E+03 9.023195E-10 +/-  3.071169E-12
1.811500E+03 8.950088E-10 +/-  3.054827E-12
1.812500E+03 8.972303E-10 +/-  3.050622E-12
1.813500E+03 8.943080E-10 +/-  3.040860E-12
1.814500E+03 8.907378E-10 +/-  3.025898E-12
1.815500E+03 8.780686E-10 +/-  2.995819E-12
1.816500E+03 8.818164E-10 +/-  2.995488E-12
1.817500E+03 8.763745E-10 +/-  2.982425E-12
1.818500E+03 8.736512E-10 +/-  2.969439E-12
1.819500E+03 8.685536E-10 +/-  2.952463E-12
