 c,C -> m,M
x-axis: "Mass{p3+p4}&"  from 1220.000000 to 1520.000000 N_bins= 300
Diff. cross section [pb/GeV]
1.220500E+03 4.302507E-08 +/-  1.033348E-10
1.221500E+03 4.303295E-08 +/-  1.031097E-10
1.222500E+03 4.279957E-08 +/-  1.028248E-10
1.223500E+03 4.234678E-08 +/-  1.014628E-10
1.224500E+03 4.216354E-08 +/-  1.013670E-10
1.225500E+03 4.196199E-08 +/-  1.005617E-10
1.226500E+03 4.189029E-08 +/-  1.008619E-10
1.227500E+03 4.155543E-08 +/-  9.990697E-11
1.228500E+03 4.125854E-08 +/-  9.924310E-11
1.229500E+03 4.117991E-08 +/-  9.927786E-11
1.230500E+03 4.080316E-08 +/-  9.869722E-11
1.231500E+03 4.065037E-08 +/-  9.804785E-11
1.232500E+03 4.053471E-08 +/-  9.780131E-11
1.233500E+03 4.026814E-08 +/-  9.761033E-11
1.234500E+03 4.003629E-08 +/-  9.704774E-11
1.235500E+03 3.987209E-08 +/-  9.662554E-11
1.236500E+03 3.955531E-08 +/-  9.615146E-11
1.237500E+03 3.941925E-08 +/-  9.575025E-11
1.238500E+03 3.917772E-08 +/-  9.519173E-11
1.239500E+03 3.906226E-08 +/-  9.519082E-11
1.240500E+03 3.875443E-08 +/-  9.459802E-11
1.241500E+03 3.858683E-08 +/-  9.445819E-11
1.242500E+03 3.836967E-08 +/-  9.365496E-11
1.243500E+03 3.818105E-08 +/-  9.348649E-11
1.244500E+03 3.801928E-08 +/-  9.310475E-11
1.245500E+03 3.776245E-08 +/-  9.261149E-11
1.246500E+03 3.752663E-08 +/-  9.190279E-11
1.247500E+03 3.746603E-08 +/-  9.215824E-11
1.248500E+03 3.723312E-08 +/-  9.173120E-11
1.249500E+03 3.691093E-08 +/-  9.103894E-11
1.250500E+03 3.690551E-08 +/-  9.093805E-11
1.251500E+03 3.668060E-08 +/-  9.064338E-11
1.252500E+03 3.630986E-08 +/-  8.989314E-11
1.253500E+03 3.636971E-08 +/-  8.987207E-11
1.254500E+03 3.591411E-08 +/-  8.911225E-11
1.255500E+03 3.578300E-08 +/-  8.875408E-11
1.256500E+03 3.569830E-08 +/-  8.864588E-11
1.257500E+03 3.556872E-08 +/-  8.829367E-11
1.258500E+03 3.525142E-08 +/-  8.771200E-11
1.259500E+03 3.511653E-08 +/-  8.759806E-11
1.260500E+03 3.490136E-08 +/-  8.702637E-11
1.261500E+03 3.473535E-08 +/-  8.696404E-11
1.262500E+03 3.458975E-08 +/-  8.643338E-11
1.263500E+03 3.443006E-08 +/-  8.637003E-11
1.264500E+03 3.428186E-08 +/-  8.581219E-11
1.265500E+03 3.396695E-08 +/-  8.533074E-11
1.266500E+03 3.384926E-08 +/-  8.516669E-11
1.267500E+03 3.364304E-08 +/-  8.461531E-11
1.268500E+03 3.353401E-08 +/-  8.436904E-11
1.269500E+03 3.333358E-08 +/-  8.416234E-11
1.270500E+03 3.316503E-08 +/-  8.366087E-11
1.271500E+03 3.302715E-08 +/-  8.346570E-11
1.272500E+03 3.290159E-08 +/-  8.312124E-11
1.273500E+03 3.251787E-08 +/-  8.231542E-11
1.274500E+03 3.253398E-08 +/-  8.264806E-11
1.275500E+03 3.231285E-08 +/-  8.193813E-11
1.276500E+03 3.205200E-08 +/-  8.168461E-11
1.277500E+03 3.201145E-08 +/-  8.136278E-11
1.278500E+03 3.179874E-08 +/-  8.111982E-11
1.279500E+03 3.167349E-08 +/-  8.086973E-11
1.280500E+03 3.150515E-08 +/-  8.041270E-11
1.281500E+03 3.141415E-08 +/-  8.035922E-11
1.282500E+03 3.122187E-08 +/-  8.004062E-11
1.283500E+03 3.082640E-08 +/-  7.910406E-11
1.284500E+03 3.085058E-08 +/-  7.920137E-11
1.285500E+03 3.076621E-08 +/-  7.892159E-11
1.286500E+03 3.049167E-08 +/-  7.849462E-11
1.287500E+03 3.038667E-08 +/-  7.825572E-11
1.288500E+03 3.032003E-08 +/-  7.808629E-11
1.289500E+03 2.999764E-08 +/-  7.752338E-11
1.290500E+03 2.986606E-08 +/-  7.722606E-11
1.291500E+03 2.975911E-08 +/-  7.699764E-11
1.292500E+03 2.959659E-08 +/-  7.676635E-11
1.293500E+03 2.952601E-08 +/-  7.657692E-11
1.294500E+03 2.925407E-08 +/-  7.596507E-11
1.295500E+03 2.913006E-08 +/-  7.576065E-11
1.296500E+03 2.910536E-08 +/-  7.567795E-11
1.297500E+03 2.874640E-08 +/-  7.504273E-11
1.298500E+03 2.875561E-08 +/-  7.501807E-11
1.299500E+03 2.854711E-08 +/-  7.473829E-11
1.300500E+03 2.841868E-08 +/-  7.445244E-11
1.301500E+03 2.830126E-08 +/-  7.414873E-11
1.302500E+03 2.815196E-08 +/-  7.381840E-11
1.303500E+03 2.798277E-08 +/-  7.353463E-11
1.304500E+03 2.780334E-08 +/-  7.322943E-11
1.305500E+03 2.775435E-08 +/-  7.308224E-11
1.306500E+03 2.753517E-08 +/-  7.267468E-11
1.307500E+03 2.747688E-08 +/-  7.230882E-11
1.308500E+03 2.730360E-08 +/-  7.221979E-11
1.309500E+03 2.721174E-08 +/-  7.204038E-11
1.310500E+03 2.690585E-08 +/-  7.140870E-11
1.311500E+03 2.680031E-08 +/-  7.123206E-11
1.312500E+03 2.679390E-08 +/-  7.091350E-11
1.313500E+03 2.664941E-08 +/-  7.084917E-11
1.314500E+03 2.645077E-08 +/-  7.057966E-11
1.315500E+03 2.633431E-08 +/-  7.029789E-11
1.316500E+03 2.620613E-08 +/-  6.995677E-11
1.317500E+03 2.604532E-08 +/-  6.945757E-11
1.318500E+03 2.596523E-08 +/-  6.943562E-11
1.319500E+03 2.580450E-08 +/-  6.922466E-11
1.320500E+03 2.569224E-08 +/-  6.903526E-11
1.321500E+03 2.543653E-08 +/-  6.840849E-11
1.322500E+03 2.550625E-08 +/-  6.844416E-11
1.323500E+03 2.525667E-08 +/-  6.795678E-11
1.324500E+03 2.518413E-08 +/-  6.798132E-11
1.325500E+03 2.508068E-08 +/-  6.783820E-11
1.326500E+03 2.489733E-08 +/-  6.734811E-11
1.327500E+03 2.479160E-08 +/-  6.703306E-11
1.328500E+03 2.464601E-08 +/-  6.671518E-11
1.329500E+03 2.449122E-08 +/-  6.648345E-11
1.330500E+03 2.447129E-08 +/-  6.657202E-11
1.331500E+03 2.431234E-08 +/-  6.619807E-11
1.332500E+03 2.416837E-08 +/-  6.590481E-11
1.333500E+03 2.406960E-08 +/-  6.549961E-11
1.334500E+03 2.396452E-08 +/-  6.530258E-11
1.335500E+03 2.377824E-08 +/-  6.519212E-11
1.336500E+03 2.373745E-08 +/-  6.507222E-11
1.337500E+03 2.348042E-08 +/-  6.449889E-11
1.338500E+03 2.348345E-08 +/-  6.443784E-11
1.339500E+03 2.336525E-08 +/-  6.400720E-11
1.340500E+03 2.324734E-08 +/-  6.398747E-11
1.341500E+03 2.308937E-08 +/-  6.390200E-11
1.342500E+03 2.302391E-08 +/-  6.349409E-11
1.343500E+03 2.280517E-08 +/-  6.316379E-11
1.344500E+03 2.275830E-08 +/-  6.285089E-11
1.345500E+03 2.270679E-08 +/-  6.275319E-11
1.346500E+03 2.252863E-08 +/-  6.247966E-11
1.347500E+03 2.241411E-08 +/-  6.243025E-11
1.348500E+03 2.233727E-08 +/-  6.229960E-11
1.349500E+03 2.221051E-08 +/-  6.184062E-11
1.350500E+03 2.209799E-08 +/-  6.156882E-11
1.351500E+03 2.196796E-08 +/-  6.118571E-11
1.352500E+03 2.197367E-08 +/-  6.133966E-11
1.353500E+03 2.168910E-08 +/-  6.090872E-11
1.354500E+03 2.163989E-08 +/-  6.078087E-11
1.355500E+03 2.157936E-08 +/-  6.063939E-11
1.356500E+03 2.146613E-08 +/-  6.020393E-11
1.357500E+03 2.139307E-08 +/-  5.998368E-11
1.358500E+03 2.119357E-08 +/-  5.979678E-11
1.359500E+03 2.114785E-08 +/-  5.963421E-11
1.360500E+03 2.100930E-08 +/-  5.955233E-11
1.361500E+03 2.094959E-08 +/-  5.929093E-11
1.362500E+03 2.074726E-08 +/-  5.887751E-11
1.363500E+03 2.071771E-08 +/-  5.861341E-11
1.364500E+03 2.064775E-08 +/-  5.852944E-11
1.365500E+03 2.049699E-08 +/-  5.832492E-11
1.366500E+03 2.044439E-08 +/-  5.829491E-11
1.367500E+03 2.026460E-08 +/-  5.800924E-11
1.368500E+03 2.027260E-08 +/-  5.780522E-11
1.369500E+03 2.011901E-08 +/-  5.736059E-11
1.370500E+03 2.000481E-08 +/-  5.719930E-11
1.371500E+03 1.992188E-08 +/-  5.706764E-11
1.372500E+03 1.984849E-08 +/-  5.702428E-11
1.373500E+03 1.969864E-08 +/-  5.686140E-11
1.374500E+03 1.963394E-08 +/-  5.653885E-11
1.375500E+03 1.952596E-08 +/-  5.626697E-11
1.376500E+03 1.944065E-08 +/-  5.597174E-11
1.377500E+03 1.932420E-08 +/-  5.573041E-11
1.378500E+03 1.924772E-08 +/-  5.571537E-11
1.379500E+03 1.916663E-08 +/-  5.565548E-11
1.380500E+03 1.901309E-08 +/-  5.533342E-11
1.381500E+03 1.906992E-08 +/-  5.538112E-11
1.382500E+03 1.884904E-08 +/-  5.477104E-11
1.383500E+03 1.880566E-08 +/-  5.461185E-11
1.384500E+03 1.864157E-08 +/-  5.429511E-11
1.385500E+03 1.863670E-08 +/-  5.450421E-11
1.386500E+03 1.855343E-08 +/-  5.424100E-11
1.387500E+03 1.828359E-08 +/-  5.388888E-11
1.388500E+03 1.837865E-08 +/-  5.383686E-11
1.389500E+03 1.822177E-08 +/-  5.351961E-11
1.390500E+03 1.810169E-08 +/-  5.313662E-11
1.391500E+03 1.808422E-08 +/-  5.312172E-11
1.392500E+03 1.802201E-08 +/-  5.310669E-11
1.393500E+03 1.789324E-08 +/-  5.286958E-11
1.394500E+03 1.778457E-08 +/-  5.275988E-11
1.395500E+03 1.768607E-08 +/-  5.245092E-11
1.396500E+03 1.768225E-08 +/-  5.231066E-11
1.397500E+03 1.751596E-08 +/-  5.195377E-11
1.398500E+03 1.744016E-08 +/-  5.166631E-11
1.399500E+03 1.741367E-08 +/-  5.171911E-11
1.400500E+03 1.725951E-08 +/-  5.160467E-11
1.401500E+03 1.720973E-08 +/-  5.145514E-11
1.402500E+03 1.710307E-08 +/-  5.121079E-11
1.403500E+03 1.707744E-08 +/-  5.106522E-11
1.404500E+03 1.693365E-08 +/-  5.071389E-11
1.405500E+03 1.691148E-08 +/-  5.052040E-11
1.406500E+03 1.677539E-08 +/-  5.038880E-11
1.407500E+03 1.671020E-08 +/-  5.027912E-11
1.408500E+03 1.666278E-08 +/-  5.021503E-11
1.409500E+03 1.652409E-08 +/-  5.000714E-11
1.410500E+03 1.650948E-08 +/-  4.991965E-11
1.411500E+03 1.630448E-08 +/-  4.941059E-11
1.412500E+03 1.637811E-08 +/-  4.949098E-11
1.413500E+03 1.618326E-08 +/-  4.906096E-11
1.414500E+03 1.618861E-08 +/-  4.918532E-11
1.415500E+03 1.607950E-08 +/-  4.888026E-11
1.416500E+03 1.599641E-08 +/-  4.881545E-11
1.417500E+03 1.598116E-08 +/-  4.876756E-11
1.418500E+03 1.576785E-08 +/-  4.838505E-11
1.419500E+03 1.575005E-08 +/-  4.823975E-11
1.420500E+03 1.571364E-08 +/-  4.808875E-11
1.421500E+03 1.564198E-08 +/-  4.788937E-11
1.422500E+03 1.559406E-08 +/-  4.785551E-11
1.423500E+03 1.543963E-08 +/-  4.749891E-11
1.424500E+03 1.539176E-08 +/-  4.743789E-11
1.425500E+03 1.533310E-08 +/-  4.731671E-11
1.426500E+03 1.529768E-08 +/-  4.728492E-11
1.427500E+03 1.518895E-08 +/-  4.698116E-11
1.428500E+03 1.513172E-08 +/-  4.683711E-11
1.429500E+03 1.495994E-08 +/-  4.648466E-11
1.430500E+03 1.498808E-08 +/-  4.649938E-11
1.431500E+03 1.489811E-08 +/-  4.629692E-11
1.432500E+03 1.482264E-08 +/-  4.603090E-11
1.433500E+03 1.479222E-08 +/-  4.610143E-11
1.434500E+03 1.460615E-08 +/-  4.574972E-11
1.435500E+03 1.461437E-08 +/-  4.578855E-11
1.436500E+03 1.456030E-08 +/-  4.563499E-11
1.437500E+03 1.446892E-08 +/-  4.535973E-11
1.438500E+03 1.440157E-08 +/-  4.518581E-11
1.439500E+03 1.435804E-08 +/-  4.514669E-11
1.440500E+03 1.425397E-08 +/-  4.487775E-11
1.441500E+03 1.418601E-08 +/-  4.457618E-11
1.442500E+03 1.413898E-08 +/-  4.459522E-11
1.443500E+03 1.402420E-08 +/-  4.444580E-11
1.444500E+03 1.404070E-08 +/-  4.457983E-11
1.445500E+03 1.393011E-08 +/-  4.424813E-11
1.446500E+03 1.382109E-08 +/-  4.395498E-11
1.447500E+03 1.383382E-08 +/-  4.389128E-11
1.448500E+03 1.380455E-08 +/-  4.388553E-11
1.449500E+03 1.363255E-08 +/-  4.344536E-11
1.450500E+03 1.358287E-08 +/-  4.324793E-11
1.451500E+03 1.354410E-08 +/-  4.320506E-11
1.452500E+03 1.347596E-08 +/-  4.319186E-11
1.453500E+03 1.339328E-08 +/-  4.306832E-11
1.454500E+03 1.340063E-08 +/-  4.307125E-11
1.455500E+03 1.327200E-08 +/-  4.269074E-11
1.456500E+03 1.325437E-08 +/-  4.259126E-11
1.457500E+03 1.314481E-08 +/-  4.242112E-11
1.458500E+03 1.310175E-08 +/-  4.226158E-11
1.459500E+03 1.302344E-08 +/-  4.209966E-11
1.460500E+03 1.297571E-08 +/-  4.192213E-11
1.461500E+03 1.289441E-08 +/-  4.173828E-11
1.462500E+03 1.292128E-08 +/-  4.181935E-11
1.463500E+03 1.270108E-08 +/-  4.158765E-11
1.464500E+03 1.276417E-08 +/-  4.159827E-11
1.465500E+03 1.267710E-08 +/-  4.131654E-11
1.466500E+03 1.261345E-08 +/-  4.117993E-11
1.467500E+03 1.259151E-08 +/-  4.115373E-11
1.468500E+03 1.251133E-08 +/-  4.094501E-11
1.469500E+03 1.243862E-08 +/-  4.074369E-11
1.470500E+03 1.240860E-08 +/-  4.058353E-11
1.471500E+03 1.228431E-08 +/-  4.023607E-11
1.472500E+03 1.229486E-08 +/-  4.037563E-11
1.473500E+03 1.221623E-08 +/-  4.033661E-11
1.474500E+03 1.211783E-08 +/-  4.013649E-11
1.475500E+03 1.206167E-08 +/-  3.991750E-11
1.476500E+03 1.206300E-08 +/-  4.004509E-11
1.477500E+03 1.203064E-08 +/-  3.998395E-11
1.478500E+03 1.191713E-08 +/-  3.967728E-11
1.479500E+03 1.185299E-08 +/-  3.943588E-11
1.480500E+03 1.179709E-08 +/-  3.925844E-11
1.481500E+03 1.177318E-08 +/-  3.911521E-11
1.482500E+03 1.168890E-08 +/-  3.886004E-11
1.483500E+03 1.168519E-08 +/-  3.892192E-11
1.484500E+03 1.158313E-08 +/-  3.896205E-11
1.485500E+03 1.153525E-08 +/-  3.882997E-11
1.486500E+03 1.148621E-08 +/-  3.867644E-11
1.487500E+03 1.146037E-08 +/-  3.866031E-11
1.488500E+03 1.140399E-08 +/-  3.846359E-11
1.489500E+03 1.132515E-08 +/-  3.823240E-11
1.490500E+03 1.127453E-08 +/-  3.804998E-11
1.491500E+03 1.121371E-08 +/-  3.784044E-11
1.492500E+03 1.114224E-08 +/-  3.759739E-11
1.493500E+03 1.112017E-08 +/-  3.756246E-11
1.494500E+03 1.112295E-08 +/-  3.750089E-11
1.495500E+03 1.100699E-08 +/-  3.753377E-11
1.496500E+03 1.097648E-08 +/-  3.751334E-11
1.497500E+03 1.090306E-08 +/-  3.740601E-11
1.498500E+03 1.087358E-08 +/-  3.730020E-11
1.499500E+03 1.076265E-08 +/-  3.704701E-11
1.500500E+03 1.079974E-08 +/-  3.698799E-11
1.501500E+03 1.074164E-08 +/-  3.680854E-11
1.502500E+03 1.068918E-08 +/-  3.667615E-11
1.503500E+03 1.063057E-08 +/-  3.648208E-11
1.504500E+03 1.055266E-08 +/-  3.627073E-11
1.505500E+03 1.053535E-08 +/-  3.612440E-11
1.506500E+03 1.046818E-08 +/-  3.591417E-11
1.507500E+03 1.044062E-08 +/-  3.606094E-11
1.508500E+03 1.035613E-08 +/-  3.596653E-11
1.509500E+03 1.031838E-08 +/-  3.589535E-11
1.510500E+03 1.031798E-08 +/-  3.581346E-11
1.511500E+03 1.021285E-08 +/-  3.557253E-11
1.512500E+03 1.018323E-08 +/-  3.546095E-11
1.513500E+03 1.013033E-08 +/-  3.523255E-11
1.514500E+03 1.010750E-08 +/-  3.512678E-11
1.515500E+03 1.005701E-08 +/-  3.493071E-11
1.516500E+03 9.968458E-09 +/-  3.468990E-11
1.517500E+03 9.956502E-09 +/-  3.457754E-11
1.518500E+03 9.931444E-09 +/-  3.445684E-11
1.519500E+03 9.855571E-09 +/-  3.423872E-11
