 c,C -> m,M
x-axis: "Mass{p3+p4}&"  from 920.000000 to 1220.000000 N_bins= 300
Diff. cross section [pb/GeV]
9.205000E+02 2.522854E-07 +/-  5.935255E-10
9.215000E+02 2.505041E-07 +/-  5.903363E-10
9.225000E+02 2.490039E-07 +/-  5.858750E-10
9.235000E+02 2.476234E-07 +/-  5.820323E-10
9.245000E+02 2.459709E-07 +/-  5.794159E-10
9.255000E+02 2.434849E-07 +/-  5.722546E-10
9.265000E+02 2.422108E-07 +/-  5.721759E-10
9.275000E+02 2.415980E-07 +/-  5.714058E-10
9.285000E+02 2.393339E-07 +/-  5.659927E-10
9.295000E+02 2.379213E-07 +/-  5.632292E-10
9.305000E+02 2.365423E-07 +/-  5.597993E-10
9.315000E+02 2.341744E-07 +/-  5.541009E-10
9.325000E+02 2.336310E-07 +/-  5.535395E-10
9.335000E+02 2.316764E-07 +/-  5.496606E-10
9.345000E+02 2.300412E-07 +/-  5.481198E-10
9.355000E+02 2.289899E-07 +/-  5.471114E-10
9.365000E+02 2.273280E-07 +/-  5.420985E-10
9.375000E+02 2.260231E-07 +/-  5.408172E-10
9.385000E+02 2.239564E-07 +/-  5.362666E-10
9.395000E+02 2.228841E-07 +/-  5.315167E-10
9.405000E+02 2.214355E-07 +/-  5.297921E-10
9.415000E+02 2.204119E-07 +/-  5.292394E-10
9.425000E+02 2.191864E-07 +/-  5.283334E-10
9.435000E+02 2.163971E-07 +/-  5.208501E-10
9.445000E+02 2.165784E-07 +/-  5.225067E-10
9.455000E+02 2.141742E-07 +/-  5.171162E-10
9.465000E+02 2.133593E-07 +/-  5.155084E-10
9.475000E+02 2.117095E-07 +/-  5.116009E-10
9.485000E+02 2.096478E-07 +/-  5.078372E-10
9.495000E+02 2.095808E-07 +/-  5.091142E-10
9.505000E+02 2.076817E-07 +/-  5.042691E-10
9.515000E+02 2.064816E-07 +/-  5.017715E-10
9.525000E+02 2.049755E-07 +/-  4.997031E-10
9.535000E+02 2.043139E-07 +/-  4.981928E-10
9.545000E+02 2.019173E-07 +/-  4.936298E-10
9.555000E+02 2.011225E-07 +/-  4.917567E-10
9.565000E+02 1.998655E-07 +/-  4.886559E-10
9.575000E+02 1.988002E-07 +/-  4.875183E-10
9.585000E+02 1.979029E-07 +/-  4.871741E-10
9.595000E+02 1.956962E-07 +/-  4.794688E-10
9.605000E+02 1.943255E-07 +/-  4.767201E-10
9.615000E+02 1.940556E-07 +/-  4.795501E-10
9.625000E+02 1.923129E-07 +/-  4.751421E-10
9.635000E+02 1.916546E-07 +/-  4.734153E-10
9.645000E+02 1.900556E-07 +/-  4.711796E-10
9.655000E+02 1.887709E-07 +/-  4.681246E-10
9.665000E+02 1.874649E-07 +/-  4.648466E-10
9.675000E+02 1.865117E-07 +/-  4.636233E-10
9.685000E+02 1.852413E-07 +/-  4.609854E-10
9.695000E+02 1.843622E-07 +/-  4.590424E-10
9.705000E+02 1.826219E-07 +/-  4.557609E-10
9.715000E+02 1.815744E-07 +/-  4.528412E-10
9.725000E+02 1.811244E-07 +/-  4.526524E-10
9.735000E+02 1.792746E-07 +/-  4.486649E-10
9.745000E+02 1.788123E-07 +/-  4.480417E-10
9.755000E+02 1.768657E-07 +/-  4.456925E-10
9.765000E+02 1.755158E-07 +/-  4.426610E-10
9.775000E+02 1.757745E-07 +/-  4.432239E-10
9.785000E+02 1.733927E-07 +/-  4.369619E-10
9.795000E+02 1.730343E-07 +/-  4.379398E-10
9.805000E+02 1.726391E-07 +/-  4.375988E-10
9.815000E+02 1.700627E-07 +/-  4.308329E-10
9.825000E+02 1.698627E-07 +/-  4.299531E-10
9.835000E+02 1.689041E-07 +/-  4.287000E-10
9.845000E+02 1.673054E-07 +/-  4.261550E-10
9.855000E+02 1.667646E-07 +/-  4.252218E-10
9.865000E+02 1.652928E-07 +/-  4.211653E-10
9.875000E+02 1.648238E-07 +/-  4.203382E-10
9.885000E+02 1.630343E-07 +/-  4.179034E-10
9.895000E+02 1.624048E-07 +/-  4.171806E-10
9.905000E+02 1.614903E-07 +/-  4.139003E-10
9.915000E+02 1.605831E-07 +/-  4.118551E-10
9.925000E+02 1.593038E-07 +/-  4.105913E-10
9.935000E+02 1.581461E-07 +/-  4.078520E-10
9.945000E+02 1.578636E-07 +/-  4.082163E-10
9.955000E+02 1.559869E-07 +/-  4.033266E-10
9.965000E+02 1.560515E-07 +/-  4.035330E-10
9.975000E+02 1.542517E-07 +/-  4.004153E-10
9.985000E+02 1.539322E-07 +/-  4.001686E-10
9.995000E+02 1.524009E-07 +/-  3.960731E-10
1.000500E+03 1.520092E-07 +/-  3.949937E-10
1.001500E+03 1.509280E-07 +/-  3.929434E-10
1.002500E+03 1.501177E-07 +/-  3.928181E-10
1.003500E+03 1.488010E-07 +/-  3.897535E-10
1.004500E+03 1.481561E-07 +/-  3.869724E-10
1.005500E+03 1.469858E-07 +/-  3.850086E-10
1.006500E+03 1.462389E-07 +/-  3.842547E-10
1.007500E+03 1.452377E-07 +/-  3.821562E-10
1.008500E+03 1.449089E-07 +/-  3.813817E-10
1.009500E+03 1.436788E-07 +/-  3.783300E-10
1.010500E+03 1.421083E-07 +/-  3.752390E-10
1.011500E+03 1.423769E-07 +/-  3.770616E-10
1.012500E+03 1.409182E-07 +/-  3.738099E-10
1.013500E+03 1.398727E-07 +/-  3.709157E-10
1.014500E+03 1.394670E-07 +/-  3.701378E-10
1.015500E+03 1.385554E-07 +/-  3.691725E-10
1.016500E+03 1.373728E-07 +/-  3.666283E-10
1.017500E+03 1.367461E-07 +/-  3.654261E-10
1.018500E+03 1.360810E-07 +/-  3.636269E-10
1.019500E+03 1.353424E-07 +/-  3.621224E-10
1.020500E+03 1.343863E-07 +/-  3.597324E-10
1.021500E+03 1.331708E-07 +/-  3.585475E-10
1.022500E+03 1.325929E-07 +/-  3.574891E-10
1.023500E+03 1.316247E-07 +/-  3.545373E-10
1.024500E+03 1.313009E-07 +/-  3.536532E-10
1.025500E+03 1.301772E-07 +/-  3.515618E-10
1.026500E+03 1.295525E-07 +/-  3.508485E-10
1.027500E+03 1.294019E-07 +/-  3.508416E-10
1.028500E+03 1.274410E-07 +/-  3.461720E-10
1.029500E+03 1.275939E-07 +/-  3.459999E-10
1.030500E+03 1.260456E-07 +/-  3.424403E-10
1.031500E+03 1.255727E-07 +/-  3.429232E-10
1.032500E+03 1.247791E-07 +/-  3.418006E-10
1.033500E+03 1.243874E-07 +/-  3.399825E-10
1.034500E+03 1.232188E-07 +/-  3.374743E-10
1.035500E+03 1.225196E-07 +/-  3.357021E-10
1.036500E+03 1.220620E-07 +/-  3.346603E-10
1.037500E+03 1.215015E-07 +/-  3.341281E-10
1.038500E+03 1.204602E-07 +/-  3.329410E-10
1.039500E+03 1.198004E-07 +/-  3.306320E-10
1.040500E+03 1.187867E-07 +/-  3.281215E-10
1.041500E+03 1.189709E-07 +/-  3.281553E-10
1.042500E+03 1.172644E-07 +/-  3.252296E-10
1.043500E+03 1.173747E-07 +/-  3.259844E-10
1.044500E+03 1.162124E-07 +/-  3.238893E-10
1.045500E+03 1.153037E-07 +/-  3.215934E-10
1.046500E+03 1.145923E-07 +/-  3.196694E-10
1.047500E+03 1.141489E-07 +/-  3.182878E-10
1.048500E+03 1.137050E-07 +/-  3.177024E-10
1.049500E+03 1.130581E-07 +/-  3.167710E-10
1.050500E+03 1.118004E-07 +/-  3.152707E-10
1.051500E+03 1.116859E-07 +/-  3.141504E-10
1.052500E+03 1.107318E-07 +/-  3.114411E-10
1.053500E+03 1.101678E-07 +/-  3.100667E-10
1.054500E+03 1.098013E-07 +/-  3.093933E-10
1.055500E+03 1.085184E-07 +/-  3.076758E-10
1.056500E+03 1.083259E-07 +/-  3.079503E-10
1.057500E+03 1.075750E-07 +/-  3.054846E-10
1.058500E+03 1.069513E-07 +/-  3.041639E-10
1.059500E+03 1.063616E-07 +/-  3.018639E-10
1.060500E+03 1.057242E-07 +/-  3.008462E-10
1.061500E+03 1.052192E-07 +/-  3.001617E-10
1.062500E+03 1.041906E-07 +/-  2.990972E-10
1.063500E+03 1.041252E-07 +/-  2.988693E-10
1.064500E+03 1.032156E-07 +/-  2.962583E-10
1.065500E+03 1.025511E-07 +/-  2.944709E-10
1.066500E+03 1.021639E-07 +/-  2.933148E-10
1.067500E+03 1.014880E-07 +/-  2.919966E-10
1.068500E+03 1.008748E-07 +/-  2.916436E-10
1.069500E+03 1.001065E-07 +/-  2.901907E-10
1.070500E+03 9.956233E-08 +/-  2.893177E-10
1.071500E+03 9.921625E-08 +/-  2.875831E-10
1.072500E+03 9.857025E-08 +/-  2.859900E-10
1.073500E+03 9.799515E-08 +/-  2.844583E-10
1.074500E+03 9.727750E-08 +/-  2.830646E-10
1.075500E+03 9.706764E-08 +/-  2.833010E-10
1.076500E+03 9.606251E-08 +/-  2.818145E-10
1.077500E+03 9.549929E-08 +/-  2.806063E-10
1.078500E+03 9.485426E-08 +/-  2.790039E-10
1.079500E+03 9.502700E-08 +/-  2.778548E-10
1.080500E+03 9.411831E-08 +/-  2.765112E-10
1.081500E+03 9.308322E-08 +/-  2.741518E-10
1.082500E+03 9.301322E-08 +/-  2.746515E-10
1.083500E+03 9.249485E-08 +/-  2.737578E-10
1.084500E+03 9.210525E-08 +/-  2.734359E-10
1.085500E+03 9.088140E-08 +/-  2.704666E-10
1.086500E+03 9.081570E-08 +/-  2.697266E-10
1.087500E+03 9.028831E-08 +/-  2.687564E-10
1.088500E+03 8.998736E-08 +/-  2.672054E-10
1.089500E+03 8.945146E-08 +/-  2.664357E-10
1.090500E+03 8.835312E-08 +/-  2.651933E-10
1.091500E+03 8.837267E-08 +/-  2.652089E-10
1.092500E+03 8.738788E-08 +/-  2.631389E-10
1.093500E+03 8.710713E-08 +/-  2.620675E-10
1.094500E+03 8.721708E-08 +/-  2.619296E-10
1.095500E+03 8.589613E-08 +/-  2.592299E-10
1.096500E+03 8.603815E-08 +/-  2.585353E-10
1.097500E+03 8.518009E-08 +/-  2.573088E-10
1.098500E+03 8.443749E-08 +/-  2.564844E-10
1.099500E+03 8.422761E-08 +/-  2.562602E-10
1.100500E+03 8.402524E-08 +/-  2.553389E-10
1.101500E+03 8.336711E-08 +/-  2.542757E-10
1.102500E+03 8.282243E-08 +/-  2.526172E-10
1.103500E+03 8.225516E-08 +/-  2.510291E-10
1.104500E+03 8.179219E-08 +/-  2.495049E-10
1.105500E+03 8.136534E-08 +/-  2.484152E-10
1.106500E+03 8.081391E-08 +/-  2.485279E-10
1.107500E+03 8.062339E-08 +/-  2.476546E-10
1.108500E+03 8.028935E-08 +/-  2.478255E-10
1.109500E+03 7.953163E-08 +/-  2.459643E-10
1.110500E+03 7.906016E-08 +/-  2.443052E-10
1.111500E+03 7.846556E-08 +/-  2.426818E-10
1.112500E+03 7.830394E-08 +/-  2.418789E-10
1.113500E+03 7.763793E-08 +/-  2.399602E-10
1.114500E+03 7.761002E-08 +/-  2.406603E-10
1.115500E+03 7.712765E-08 +/-  2.400181E-10
1.116500E+03 7.646227E-08 +/-  2.393591E-10
1.117500E+03 7.569502E-08 +/-  2.378658E-10
1.118500E+03 7.530834E-08 +/-  2.366731E-10
1.119500E+03 7.537466E-08 +/-  2.359924E-10
1.120500E+03 7.484779E-08 +/-  2.343520E-10
1.121500E+03 7.415931E-08 +/-  2.325464E-10
1.122500E+03 7.410368E-08 +/-  2.322914E-10
1.123500E+03 7.339483E-08 +/-  2.313175E-10
1.124500E+03 7.290646E-08 +/-  2.311433E-10
1.125500E+03 7.258868E-08 +/-  2.305241E-10
1.126500E+03 7.220501E-08 +/-  2.297715E-10
1.127500E+03 7.186567E-08 +/-  2.286100E-10
1.128500E+03 7.150095E-08 +/-  2.273043E-10
1.129500E+03 7.096482E-08 +/-  2.256414E-10
1.130500E+03 7.090669E-08 +/-  2.248125E-10
1.131500E+03 7.017967E-08 +/-  2.238772E-10
1.132500E+03 6.964093E-08 +/-  2.230477E-10
1.133500E+03 6.989256E-08 +/-  2.238251E-10
1.134500E+03 6.893418E-08 +/-  2.219344E-10
1.135500E+03 6.823212E-08 +/-  2.212385E-10
1.136500E+03 6.835381E-08 +/-  2.208716E-10
1.137500E+03 6.784834E-08 +/-  2.195657E-10
1.138500E+03 6.713633E-08 +/-  2.176325E-10
1.139500E+03 6.738723E-08 +/-  2.174804E-10
1.140500E+03 6.708802E-08 +/-  2.168250E-10
1.141500E+03 6.609704E-08 +/-  2.153353E-10
1.142500E+03 6.611165E-08 +/-  2.147298E-10
1.143500E+03 6.571681E-08 +/-  2.141287E-10
1.144500E+03 6.543639E-08 +/-  2.137639E-10
1.145500E+03 6.491106E-08 +/-  2.132253E-10
1.146500E+03 6.426594E-08 +/-  2.115906E-10
1.147500E+03 6.432885E-08 +/-  2.112887E-10
1.148500E+03 6.378036E-08 +/-  2.101422E-10
1.149500E+03 6.353579E-08 +/-  2.091088E-10
1.150500E+03 6.324509E-08 +/-  2.082616E-10
1.151500E+03 6.287215E-08 +/-  2.075930E-10
1.152500E+03 6.241502E-08 +/-  2.063004E-10
1.153500E+03 6.249327E-08 +/-  2.056819E-10
1.154500E+03 6.138020E-08 +/-  2.042330E-10
1.155500E+03 6.153532E-08 +/-  2.043271E-10
1.156500E+03 6.103858E-08 +/-  2.045316E-10
1.157500E+03 6.069769E-08 +/-  2.035791E-10
1.158500E+03 6.016874E-08 +/-  2.019274E-10
1.159500E+03 6.027473E-08 +/-  2.016310E-10
1.160500E+03 5.975641E-08 +/-  2.000786E-10
1.161500E+03 5.925053E-08 +/-  1.995467E-10
1.162500E+03 5.918329E-08 +/-  1.987469E-10
1.163500E+03 5.877229E-08 +/-  1.973650E-10
1.164500E+03 5.842666E-08 +/-  1.964094E-10
1.165500E+03 5.786951E-08 +/-  1.955646E-10
1.166500E+03 5.801486E-08 +/-  1.964319E-10
1.167500E+03 5.738110E-08 +/-  1.956394E-10
1.168500E+03 5.735522E-08 +/-  1.952606E-10
1.169500E+03 5.669298E-08 +/-  1.935196E-10
1.170500E+03 5.659804E-08 +/-  1.929068E-10
1.171500E+03 5.619591E-08 +/-  1.919042E-10
1.172500E+03 5.587483E-08 +/-  1.913800E-10
1.173500E+03 5.579247E-08 +/-  1.907945E-10
1.174500E+03 5.510516E-08 +/-  1.894180E-10
1.175500E+03 5.505429E-08 +/-  1.885662E-10
1.176500E+03 5.467051E-08 +/-  1.874022E-10
1.177500E+03 5.466379E-08 +/-  1.868233E-10
1.178500E+03 5.381708E-08 +/-  1.863270E-10
1.179500E+03 5.380002E-08 +/-  1.869886E-10
1.180500E+03 5.357834E-08 +/-  1.862725E-10
1.181500E+03 5.319687E-08 +/-  1.850630E-10
1.182500E+03 5.312677E-08 +/-  1.847741E-10
1.183500E+03 5.244960E-08 +/-  1.842424E-10
1.184500E+03 5.236503E-08 +/-  1.835090E-10
1.185500E+03 5.208946E-08 +/-  1.825034E-10
1.186500E+03 5.182205E-08 +/-  1.815457E-10
1.187500E+03 5.161762E-08 +/-  1.804724E-10
1.188500E+03 5.142628E-08 +/-  1.796694E-10
1.189500E+03 5.079031E-08 +/-  1.779508E-10
1.190500E+03 5.045618E-08 +/-  1.767844E-10
1.191500E+03 5.044866E-08 +/-  1.781596E-10
1.192500E+03 5.011100E-08 +/-  1.788194E-10
1.193500E+03 5.011266E-08 +/-  1.781860E-10
1.194500E+03 4.944416E-08 +/-  1.766468E-10
1.195500E+03 4.931926E-08 +/-  1.766281E-10
1.196500E+03 4.922778E-08 +/-  1.759722E-10
1.197500E+03 4.864786E-08 +/-  1.743731E-10
1.198500E+03 4.870156E-08 +/-  1.739009E-10
1.199500E+03 4.835282E-08 +/-  1.728201E-10
1.200500E+03 4.802684E-08 +/-  1.715732E-10
1.201500E+03 4.762245E-08 +/-  1.707132E-10
1.202500E+03 4.741565E-08 +/-  1.698702E-10
1.203500E+03 4.744207E-08 +/-  1.694813E-10
1.204500E+03 4.692111E-08 +/-  1.679499E-10
1.205500E+03 4.675624E-08 +/-  1.688334E-10
1.206500E+03 4.657152E-08 +/-  1.687831E-10
1.207500E+03 4.607449E-08 +/-  1.682800E-10
1.208500E+03 4.597517E-08 +/-  1.675367E-10
1.209500E+03 4.586205E-08 +/-  1.668891E-10
1.210500E+03 4.560235E-08 +/-  1.660694E-10
1.211500E+03 4.513651E-08 +/-  1.648476E-10
1.212500E+03 4.496661E-08 +/-  1.639944E-10
1.213500E+03 4.489425E-08 +/-  1.633471E-10
1.214500E+03 4.441250E-08 +/-  1.619682E-10
1.215500E+03 4.449189E-08 +/-  1.616508E-10
1.216500E+03 4.405503E-08 +/-  1.603720E-10
1.217500E+03 4.368352E-08 +/-  1.590824E-10
1.218500E+03 4.363411E-08 +/-  1.586649E-10
1.219500E+03 4.337297E-08 +/-  1.576273E-10
