 d,D -> m,M
x-axis: "Mass{p3+p4}"  from 320.000000 to 620.000000 N_bins= 300
Diff. cross section [pb/GeV]
3.205000E+02 1.766657E-04 +/-  3.888470E-07
3.215000E+02 1.745353E-04 +/-  3.831052E-07
3.225000E+02 1.727663E-04 +/-  3.809086E-07
3.235000E+02 1.705089E-04 +/-  3.750304E-07
3.245000E+02 1.680957E-04 +/-  3.682326E-07
3.255000E+02 1.653428E-04 +/-  3.631803E-07
3.265000E+02 1.638746E-04 +/-  3.595325E-07
3.275000E+02 1.623727E-04 +/-  3.579132E-07
3.285000E+02 1.595291E-04 +/-  3.516039E-07
3.295000E+02 1.580874E-04 +/-  3.501942E-07
3.305000E+02 1.557294E-04 +/-  3.442806E-07
3.315000E+02 1.536390E-04 +/-  3.400653E-07
3.325000E+02 1.521975E-04 +/-  3.369820E-07
3.335000E+02 1.503420E-04 +/-  3.332445E-07
3.345000E+02 1.484132E-04 +/-  3.288262E-07
3.355000E+02 1.464314E-04 +/-  3.242876E-07
3.365000E+02 1.448469E-04 +/-  3.237336E-07
3.375000E+02 1.427933E-04 +/-  3.182234E-07
3.385000E+02 1.412037E-04 +/-  3.160696E-07
3.395000E+02 1.393274E-04 +/-  3.130624E-07
3.405000E+02 1.378736E-04 +/-  3.099173E-07
3.415000E+02 1.359797E-04 +/-  3.058068E-07
3.425000E+02 1.345233E-04 +/-  3.023035E-07
3.435000E+02 1.329243E-04 +/-  2.987642E-07
3.445000E+02 1.313727E-04 +/-  2.964389E-07
3.455000E+02 1.298208E-04 +/-  2.957493E-07
3.465000E+02 1.280302E-04 +/-  2.905357E-07
3.475000E+02 1.266557E-04 +/-  2.886958E-07
3.485000E+02 1.251056E-04 +/-  2.857489E-07
3.495000E+02 1.237468E-04 +/-  2.821689E-07
3.505000E+02 1.222314E-04 +/-  2.793846E-07
3.515000E+02 1.207374E-04 +/-  2.764103E-07
3.525000E+02 1.194321E-04 +/-  2.736097E-07
3.535000E+02 1.177223E-04 +/-  2.703285E-07
3.545000E+02 1.167945E-04 +/-  2.690467E-07
3.555000E+02 1.149854E-04 +/-  2.667474E-07
3.565000E+02 1.139784E-04 +/-  2.653316E-07
3.575000E+02 1.125052E-04 +/-  2.611340E-07
3.585000E+02 1.114278E-04 +/-  2.584163E-07
3.595000E+02 1.096910E-04 +/-  2.545218E-07
3.605000E+02 1.088834E-04 +/-  2.523098E-07
3.615000E+02 1.074401E-04 +/-  2.520307E-07
3.625000E+02 1.065351E-04 +/-  2.512410E-07
3.635000E+02 1.047700E-04 +/-  2.477759E-07
3.645000E+02 1.035463E-04 +/-  2.441508E-07
3.655000E+02 1.028062E-04 +/-  2.429130E-07
3.665000E+02 1.013715E-04 +/-  2.390677E-07
3.675000E+02 1.003477E-04 +/-  2.372688E-07
3.685000E+02 9.921443E-05 +/-  2.352326E-07
3.695000E+02 9.819026E-05 +/-  2.338493E-07
3.705000E+02 9.692563E-05 +/-  2.316347E-07
3.715000E+02 9.591013E-05 +/-  2.306319E-07
3.725000E+02 9.495586E-05 +/-  2.275217E-07
3.735000E+02 9.380279E-05 +/-  2.256687E-07
3.745000E+02 9.265285E-05 +/-  2.233817E-07
3.755000E+02 9.158039E-05 +/-  2.207431E-07
3.765000E+02 9.085014E-05 +/-  2.191326E-07
3.775000E+02 8.961567E-05 +/-  2.165267E-07
3.785000E+02 8.870956E-05 +/-  2.158133E-07
3.795000E+02 8.774130E-05 +/-  2.139326E-07
3.805000E+02 8.664327E-05 +/-  2.113197E-07
3.815000E+02 8.596723E-05 +/-  2.104762E-07
3.825000E+02 8.480075E-05 +/-  2.082021E-07
3.835000E+02 8.397538E-05 +/-  2.071856E-07
3.845000E+02 8.302051E-05 +/-  2.048012E-07
3.855000E+02 8.205595E-05 +/-  2.026469E-07
3.865000E+02 8.111822E-05 +/-  2.004937E-07
3.875000E+02 8.044115E-05 +/-  1.998916E-07
3.885000E+02 7.946754E-05 +/-  1.974466E-07
3.895000E+02 7.851142E-05 +/-  1.957310E-07
3.905000E+02 7.793082E-05 +/-  1.940702E-07
3.915000E+02 7.689524E-05 +/-  1.926408E-07
3.925000E+02 7.596133E-05 +/-  1.913847E-07
3.935000E+02 7.540170E-05 +/-  1.899692E-07
3.945000E+02 7.469059E-05 +/-  1.887746E-07
3.955000E+02 7.372547E-05 +/-  1.864650E-07
3.965000E+02 7.300665E-05 +/-  1.855546E-07
3.975000E+02 7.207689E-05 +/-  1.833595E-07
3.985000E+02 7.135467E-05 +/-  1.822375E-07
3.995000E+02 7.084248E-05 +/-  1.806962E-07
4.005000E+02 6.974885E-05 +/-  1.789228E-07
4.015000E+02 6.930902E-05 +/-  1.774761E-07
4.025000E+02 6.858897E-05 +/-  1.767713E-07
4.035000E+02 6.766365E-05 +/-  1.745319E-07
4.045000E+02 6.692931E-05 +/-  1.730484E-07
4.055000E+02 6.642126E-05 +/-  1.721118E-07
4.065000E+02 6.582766E-05 +/-  1.706270E-07
4.075000E+02 6.487470E-05 +/-  1.690769E-07
4.085000E+02 6.433480E-05 +/-  1.677880E-07
4.095000E+02 6.366426E-05 +/-  1.666732E-07
4.105000E+02 6.302514E-05 +/-  1.655692E-07
4.115000E+02 6.231241E-05 +/-  1.636366E-07
4.125000E+02 6.176596E-05 +/-  1.626925E-07
4.135000E+02 6.116566E-05 +/-  1.613770E-07
4.145000E+02 6.057657E-05 +/-  1.609693E-07
4.155000E+02 5.961031E-05 +/-  1.590664E-07
4.165000E+02 5.939991E-05 +/-  1.579563E-07
4.175000E+02 5.875154E-05 +/-  1.569035E-07
4.185000E+02 5.802950E-05 +/-  1.552764E-07
4.195000E+02 5.746901E-05 +/-  1.541818E-07
4.205000E+02 5.696343E-05 +/-  1.539264E-07
4.215000E+02 5.602424E-05 +/-  1.517983E-07
4.225000E+02 5.592276E-05 +/-  1.510166E-07
4.235000E+02 5.540434E-05 +/-  1.499559E-07
4.245000E+02 5.462035E-05 +/-  1.480875E-07
4.255000E+02 5.407393E-05 +/-  1.476284E-07
4.265000E+02 5.360005E-05 +/-  1.471385E-07
4.275000E+02 5.310504E-05 +/-  1.453136E-07
4.285000E+02 5.243617E-05 +/-  1.441960E-07
4.295000E+02 5.202344E-05 +/-  1.430111E-07
4.305000E+02 5.150185E-05 +/-  1.417248E-07
4.315000E+02 5.103894E-05 +/-  1.414058E-07
4.325000E+02 5.051711E-05 +/-  1.406568E-07
4.335000E+02 4.992953E-05 +/-  1.391476E-07
4.345000E+02 4.946070E-05 +/-  1.380370E-07
4.355000E+02 4.920673E-05 +/-  1.372658E-07
4.365000E+02 4.840151E-05 +/-  1.353264E-07
4.375000E+02 4.800262E-05 +/-  1.347421E-07
4.385000E+02 4.773582E-05 +/-  1.352531E-07
4.395000E+02 4.733198E-05 +/-  1.338134E-07
4.405000E+02 4.649717E-05 +/-  1.316938E-07
4.415000E+02 4.645022E-05 +/-  1.319316E-07
4.425000E+02 4.575355E-05 +/-  1.301368E-07
4.435000E+02 4.527540E-05 +/-  1.288852E-07
4.445000E+02 4.505275E-05 +/-  1.287109E-07
4.455000E+02 4.460189E-05 +/-  1.285956E-07
4.465000E+02 4.395588E-05 +/-  1.268715E-07
4.475000E+02 4.372331E-05 +/-  1.258875E-07
4.485000E+02 4.316710E-05 +/-  1.251062E-07
4.495000E+02 4.291832E-05 +/-  1.240868E-07
4.505000E+02 4.236361E-05 +/-  1.229268E-07
4.515000E+02 4.226607E-05 +/-  1.224354E-07
4.525000E+02 4.157581E-05 +/-  1.223888E-07
4.535000E+02 4.117050E-05 +/-  1.211572E-07
4.545000E+02 4.086950E-05 +/-  1.198224E-07
4.555000E+02 4.051260E-05 +/-  1.191603E-07
4.565000E+02 4.023570E-05 +/-  1.186342E-07
4.575000E+02 3.954574E-05 +/-  1.172296E-07
4.585000E+02 3.941111E-05 +/-  1.165510E-07
4.595000E+02 3.918729E-05 +/-  1.164010E-07
4.605000E+02 3.858641E-05 +/-  1.158521E-07
4.615000E+02 3.834792E-05 +/-  1.148935E-07
4.625000E+02 3.793610E-05 +/-  1.135643E-07
4.635000E+02 3.753175E-05 +/-  1.128672E-07
4.645000E+02 3.710063E-05 +/-  1.122670E-07
4.655000E+02 3.698311E-05 +/-  1.116920E-07
4.665000E+02 3.655442E-05 +/-  1.103446E-07
4.675000E+02 3.629298E-05 +/-  1.099986E-07
4.685000E+02 3.591815E-05 +/-  1.100034E-07
4.695000E+02 3.547005E-05 +/-  1.088041E-07
4.705000E+02 3.517987E-05 +/-  1.077896E-07
4.715000E+02 3.491107E-05 +/-  1.066975E-07
4.725000E+02 3.485826E-05 +/-  1.074288E-07
4.735000E+02 3.424194E-05 +/-  1.059466E-07
4.745000E+02 3.394278E-05 +/-  1.049156E-07
4.755000E+02 3.358785E-05 +/-  1.038240E-07
4.765000E+02 3.350116E-05 +/-  1.038578E-07
4.775000E+02 3.296604E-05 +/-  1.033245E-07
4.785000E+02 3.290347E-05 +/-  1.028953E-07
4.795000E+02 3.255923E-05 +/-  1.018691E-07
4.805000E+02 3.210303E-05 +/-  1.008822E-07
4.815000E+02 3.195503E-05 +/-  1.008044E-07
4.825000E+02 3.156740E-05 +/-  9.998076E-08
4.835000E+02 3.154008E-05 +/-  9.936325E-08
4.845000E+02 3.097007E-05 +/-  9.804833E-08
4.855000E+02 3.083581E-05 +/-  9.800101E-08
4.865000E+02 3.055738E-05 +/-  9.703192E-08
4.875000E+02 3.013674E-05 +/-  9.714805E-08
4.885000E+02 3.010048E-05 +/-  9.681903E-08
4.895000E+02 2.969247E-05 +/-  9.562747E-08
4.905000E+02 2.957004E-05 +/-  9.494934E-08
4.915000E+02 2.917839E-05 +/-  9.449935E-08
4.925000E+02 2.892234E-05 +/-  9.387824E-08
4.935000E+02 2.869168E-05 +/-  9.301612E-08
4.945000E+02 2.857831E-05 +/-  9.276335E-08
4.955000E+02 2.821963E-05 +/-  9.212443E-08
4.965000E+02 2.800400E-05 +/-  9.155496E-08
4.975000E+02 2.770406E-05 +/-  9.089678E-08
4.985000E+02 2.739954E-05 +/-  9.077596E-08
4.995000E+02 2.734692E-05 +/-  9.026313E-08
5.005000E+02 2.697036E-05 +/-  8.914207E-08
5.015000E+02 2.681844E-05 +/-  8.844626E-08
5.025000E+02 2.663805E-05 +/-  8.856081E-08
5.035000E+02 2.626802E-05 +/-  8.766129E-08
5.045000E+02 2.611078E-05 +/-  8.753606E-08
5.055000E+02 2.594561E-05 +/-  8.744308E-08
5.065000E+02 2.568685E-05 +/-  8.649582E-08
5.075000E+02 2.531961E-05 +/-  8.546857E-08
5.085000E+02 2.536248E-05 +/-  8.507610E-08
5.095000E+02 2.487729E-05 +/-  8.435081E-08
5.105000E+02 2.481915E-05 +/-  8.451019E-08
5.115000E+02 2.462434E-05 +/-  8.376977E-08
5.125000E+02 2.436625E-05 +/-  8.298696E-08
5.135000E+02 2.417215E-05 +/-  8.242260E-08
5.145000E+02 2.400741E-05 +/-  8.266022E-08
5.155000E+02 2.389405E-05 +/-  8.232878E-08
5.165000E+02 2.349353E-05 +/-  8.174976E-08
5.175000E+02 2.345250E-05 +/-  8.128016E-08
5.185000E+02 2.321677E-05 +/-  8.045707E-08
5.195000E+02 2.302813E-05 +/-  7.968043E-08
5.205000E+02 2.261981E-05 +/-  7.855466E-08
5.215000E+02 2.279922E-05 +/-  7.877598E-08
5.225000E+02 2.233680E-05 +/-  7.798403E-08
5.235000E+02 2.227284E-05 +/-  7.836926E-08
5.245000E+02 2.207051E-05 +/-  7.767332E-08
5.255000E+02 2.190636E-05 +/-  7.699092E-08
5.265000E+02 2.166306E-05 +/-  7.617422E-08
5.275000E+02 2.166145E-05 +/-  7.710361E-08
5.285000E+02 2.127026E-05 +/-  7.658217E-08
5.295000E+02 2.114993E-05 +/-  7.601563E-08
5.305000E+02 2.098928E-05 +/-  7.549725E-08
5.315000E+02 2.085061E-05 +/-  7.496565E-08
5.325000E+02 2.052850E-05 +/-  7.402363E-08
5.335000E+02 2.057629E-05 +/-  7.370780E-08
5.345000E+02 2.038035E-05 +/-  7.297625E-08
5.355000E+02 2.019430E-05 +/-  7.234160E-08
5.365000E+02 1.998879E-05 +/-  7.156861E-08
5.375000E+02 1.990863E-05 +/-  7.201625E-08
5.385000E+02 1.961927E-05 +/-  7.162337E-08
5.395000E+02 1.951620E-05 +/-  7.120537E-08
5.405000E+02 1.927591E-05 +/-  7.107278E-08
5.415000E+02 1.936065E-05 +/-  7.150866E-08
5.425000E+02 1.898310E-05 +/-  7.134837E-08
5.435000E+02 1.886250E-05 +/-  7.073608E-08
5.445000E+02 1.882389E-05 +/-  7.030742E-08
5.455000E+02 1.855931E-05 +/-  6.943004E-08
5.465000E+02 1.851781E-05 +/-  6.906359E-08
5.475000E+02 1.830856E-05 +/-  6.833367E-08
5.485000E+02 1.810113E-05 +/-  6.759945E-08
5.495000E+02 1.804267E-05 +/-  6.741648E-08
5.505000E+02 1.796458E-05 +/-  6.689482E-08
5.515000E+02 1.767265E-05 +/-  6.601467E-08
5.525000E+02 1.760488E-05 +/-  6.560239E-08
5.535000E+02 1.748796E-05 +/-  6.512454E-08
5.545000E+02 1.730993E-05 +/-  6.654922E-08
5.555000E+02 1.708023E-05 +/-  6.569550E-08
5.565000E+02 1.707695E-05 +/-  6.530786E-08
5.575000E+02 1.693767E-05 +/-  6.486226E-08
5.585000E+02 1.680391E-05 +/-  6.547836E-08
5.595000E+02 1.668952E-05 +/-  6.511713E-08
5.605000E+02 1.651120E-05 +/-  6.437506E-08
5.615000E+02 1.646478E-05 +/-  6.401352E-08
5.625000E+02 1.617801E-05 +/-  6.308639E-08
5.635000E+02 1.626241E-05 +/-  6.303352E-08
5.645000E+02 1.596754E-05 +/-  6.213807E-08
5.655000E+02 1.589269E-05 +/-  6.164394E-08
5.665000E+02 1.575603E-05 +/-  6.114946E-08
5.675000E+02 1.562687E-05 +/-  6.060369E-08
5.685000E+02 1.575044E-05 +/-  6.107323E-08
5.695000E+02 1.537358E-05 +/-  6.042638E-08
5.705000E+02 1.527797E-05 +/-  5.996988E-08
5.715000E+02 1.525024E-05 +/-  5.964210E-08
5.725000E+02 1.498104E-05 +/-  5.895468E-08
5.735000E+02 1.494487E-05 +/-  6.004159E-08
5.745000E+02 1.486435E-05 +/-  5.956804E-08
5.755000E+02 1.473157E-05 +/-  5.907167E-08
5.765000E+02 1.458574E-05 +/-  5.938183E-08
5.775000E+02 1.449403E-05 +/-  5.928491E-08
5.785000E+02 1.447080E-05 +/-  5.903088E-08
5.795000E+02 1.426960E-05 +/-  5.831490E-08
5.805000E+02 1.423855E-05 +/-  5.803638E-08
5.815000E+02 1.405610E-05 +/-  5.744118E-08
5.825000E+02 1.394424E-05 +/-  5.692293E-08
5.835000E+02 1.385679E-05 +/-  5.644076E-08
5.845000E+02 1.372684E-05 +/-  5.624999E-08
5.855000E+02 1.369480E-05 +/-  5.624726E-08
5.865000E+02 1.353354E-05 +/-  5.574468E-08
5.875000E+02 1.348656E-05 +/-  5.532891E-08
5.885000E+02 1.330571E-05 +/-  5.464590E-08
5.895000E+02 1.331539E-05 +/-  5.458894E-08
5.905000E+02 1.316620E-05 +/-  5.399663E-08
5.915000E+02 1.300930E-05 +/-  5.354524E-08
5.925000E+02 1.301208E-05 +/-  5.321423E-08
5.935000E+02 1.276191E-05 +/-  5.246443E-08
5.945000E+02 1.286445E-05 +/-  5.264686E-08
5.955000E+02 1.266268E-05 +/-  5.302808E-08
5.965000E+02 1.256436E-05 +/-  5.272496E-08
5.975000E+02 1.253010E-05 +/-  5.338125E-08
5.985000E+02 1.228900E-05 +/-  5.258006E-08
5.995000E+02 1.248825E-05 +/-  5.300609E-08
6.005000E+02 1.218161E-05 +/-  5.201561E-08
6.015000E+02 1.213383E-05 +/-  5.188350E-08
6.025000E+02 1.203956E-05 +/-  5.185311E-08
6.035000E+02 1.192594E-05 +/-  5.128846E-08
6.045000E+02 1.188999E-05 +/-  5.104878E-08
6.055000E+02 1.175603E-05 +/-  5.050940E-08
6.065000E+02 1.167055E-05 +/-  5.007782E-08
6.075000E+02 1.155837E-05 +/-  4.957519E-08
6.085000E+02 1.156271E-05 +/-  4.945734E-08
6.095000E+02 1.153472E-05 +/-  4.932132E-08
6.105000E+02 1.139230E-05 +/-  4.872925E-08
6.115000E+02 1.118801E-05 +/-  4.803460E-08
6.125000E+02 1.122094E-05 +/-  4.791320E-08
6.135000E+02 1.108070E-05 +/-  4.751159E-08
6.145000E+02 1.115111E-05 +/-  4.743454E-08
6.155000E+02 1.090451E-05 +/-  4.656096E-08
6.165000E+02 1.087565E-05 +/-  4.640212E-08
6.175000E+02 1.081050E-05 +/-  4.608734E-08
6.185000E+02 1.074532E-05 +/-  4.567447E-08
6.195000E+02 1.066822E-05 +/-  4.531899E-08
