 d,D -> m,M
x-axis: "Mass{p3+p4}"  from 1220.000000 to 1520.000000 N_bins= 300
Diff. cross section [pb/GeV]
1.220500E+03 7.789852E-07 +/-  1.905160E-09
1.221500E+03 7.752762E-07 +/-  1.895836E-09
1.222500E+03 7.739878E-07 +/-  1.887176E-09
1.223500E+03 7.703144E-07 +/-  1.884567E-09
1.224500E+03 7.659514E-07 +/-  1.875607E-09
1.225500E+03 7.647807E-07 +/-  1.870108E-09
1.226500E+03 7.607578E-07 +/-  1.859555E-09
1.227500E+03 7.585488E-07 +/-  1.858043E-09
1.228500E+03 7.540142E-07 +/-  1.848598E-09
1.229500E+03 7.517566E-07 +/-  1.843251E-09
1.230500E+03 7.474864E-07 +/-  1.833114E-09
1.231500E+03 7.456573E-07 +/-  1.834365E-09
1.232500E+03 7.436552E-07 +/-  1.831325E-09
1.233500E+03 7.396383E-07 +/-  1.818484E-09
1.234500E+03 7.361361E-07 +/-  1.813673E-09
1.235500E+03 7.344798E-07 +/-  1.812844E-09
1.236500E+03 7.302017E-07 +/-  1.800209E-09
1.237500E+03 7.282896E-07 +/-  1.801077E-09
1.238500E+03 7.269731E-07 +/-  1.797036E-09
1.239500E+03 7.205540E-07 +/-  1.782130E-09
1.240500E+03 7.182469E-07 +/-  1.779939E-09
1.241500E+03 7.174948E-07 +/-  1.776673E-09
1.242500E+03 7.136482E-07 +/-  1.770153E-09
1.243500E+03 7.106939E-07 +/-  1.767653E-09
1.244500E+03 7.094508E-07 +/-  1.760136E-09
1.245500E+03 7.046392E-07 +/-  1.753318E-09
1.246500E+03 7.029074E-07 +/-  1.751599E-09
1.247500E+03 6.982079E-07 +/-  1.743817E-09
1.248500E+03 6.972113E-07 +/-  1.739988E-09
1.249500E+03 6.942254E-07 +/-  1.729021E-09
1.250500E+03 6.906222E-07 +/-  1.728691E-09
1.251500E+03 6.912204E-07 +/-  1.728874E-09
1.252500E+03 6.842740E-07 +/-  1.715969E-09
1.253500E+03 6.833896E-07 +/-  1.709617E-09
1.254500E+03 6.795040E-07 +/-  1.703655E-09
1.255500E+03 6.781610E-07 +/-  1.704641E-09
1.256500E+03 6.762121E-07 +/-  1.698361E-09
1.257500E+03 6.717755E-07 +/-  1.686713E-09
1.258500E+03 6.697943E-07 +/-  1.689387E-09
1.259500E+03 6.686168E-07 +/-  1.680435E-09
1.260500E+03 6.640935E-07 +/-  1.678240E-09
1.261500E+03 6.640730E-07 +/-  1.676302E-09
1.262500E+03 6.573958E-07 +/-  1.663878E-09
1.263500E+03 6.572757E-07 +/-  1.663260E-09
1.264500E+03 6.543335E-07 +/-  1.656651E-09
1.265500E+03 6.526660E-07 +/-  1.654575E-09
1.266500E+03 6.490922E-07 +/-  1.646558E-09
1.267500E+03 6.462974E-07 +/-  1.639605E-09
1.268500E+03 6.439189E-07 +/-  1.638448E-09
1.269500E+03 6.411991E-07 +/-  1.632428E-09
1.270500E+03 6.407090E-07 +/-  1.631318E-09
1.271500E+03 6.376151E-07 +/-  1.624553E-09
1.272500E+03 6.335404E-07 +/-  1.615634E-09
1.273500E+03 6.316013E-07 +/-  1.610195E-09
1.274500E+03 6.282192E-07 +/-  1.605335E-09
1.275500E+03 6.272994E-07 +/-  1.605689E-09
1.276500E+03 6.253653E-07 +/-  1.599723E-09
1.277500E+03 6.225775E-07 +/-  1.597057E-09
1.278500E+03 6.204796E-07 +/-  1.589761E-09
1.279500E+03 6.165676E-07 +/-  1.583805E-09
1.280500E+03 6.137254E-07 +/-  1.577587E-09
1.281500E+03 6.131447E-07 +/-  1.579558E-09
1.282500E+03 6.080902E-07 +/-  1.565186E-09
1.283500E+03 6.090323E-07 +/-  1.572389E-09
1.284500E+03 6.053385E-07 +/-  1.560437E-09
1.285500E+03 6.031206E-07 +/-  1.558868E-09
1.286500E+03 6.010903E-07 +/-  1.554712E-09
1.287500E+03 5.976544E-07 +/-  1.545223E-09
1.288500E+03 5.974464E-07 +/-  1.546055E-09
1.289500E+03 5.951324E-07 +/-  1.540865E-09
1.290500E+03 5.914740E-07 +/-  1.537340E-09
1.291500E+03 5.879933E-07 +/-  1.527135E-09
1.292500E+03 5.856929E-07 +/-  1.521904E-09
1.293500E+03 5.852132E-07 +/-  1.523415E-09
1.294500E+03 5.834138E-07 +/-  1.517858E-09
1.295500E+03 5.805742E-07 +/-  1.514065E-09
1.296500E+03 5.772041E-07 +/-  1.505713E-09
1.297500E+03 5.757536E-07 +/-  1.504740E-09
1.298500E+03 5.746535E-07 +/-  1.500800E-09
1.299500E+03 5.717921E-07 +/-  1.495633E-09
1.300500E+03 5.677686E-07 +/-  1.489656E-09
1.301500E+03 5.675595E-07 +/-  1.486368E-09
1.302500E+03 5.652930E-07 +/-  1.483472E-09
1.303500E+03 5.639175E-07 +/-  1.478665E-09
1.304500E+03 5.592954E-07 +/-  1.470305E-09
1.305500E+03 5.585850E-07 +/-  1.471671E-09
1.306500E+03 5.554744E-07 +/-  1.464846E-09
1.307500E+03 5.556905E-07 +/-  1.463970E-09
1.308500E+03 5.518619E-07 +/-  1.454487E-09
1.309500E+03 5.486536E-07 +/-  1.450662E-09
1.310500E+03 5.467733E-07 +/-  1.448966E-09
1.311500E+03 5.475572E-07 +/-  1.447083E-09
1.312500E+03 5.443668E-07 +/-  1.443522E-09
1.313500E+03 5.412689E-07 +/-  1.434080E-09
1.314500E+03 5.397270E-07 +/-  1.430093E-09
1.315500E+03 5.381659E-07 +/-  1.431860E-09
1.316500E+03 5.347063E-07 +/-  1.425640E-09
1.317500E+03 5.349342E-07 +/-  1.420984E-09
1.318500E+03 5.307017E-07 +/-  1.414828E-09
1.319500E+03 5.298239E-07 +/-  1.413028E-09
1.320500E+03 5.276139E-07 +/-  1.408217E-09
1.321500E+03 5.255717E-07 +/-  1.405853E-09
1.322500E+03 5.240801E-07 +/-  1.402036E-09
1.323500E+03 5.223837E-07 +/-  1.399101E-09
1.324500E+03 5.184997E-07 +/-  1.389858E-09
1.325500E+03 5.181283E-07 +/-  1.390213E-09
1.326500E+03 5.154841E-07 +/-  1.384020E-09
1.327500E+03 5.126621E-07 +/-  1.379046E-09
1.328500E+03 5.122626E-07 +/-  1.379221E-09
1.329500E+03 5.099107E-07 +/-  1.373898E-09
1.330500E+03 5.086736E-07 +/-  1.369623E-09
1.331500E+03 5.065963E-07 +/-  1.365088E-09
1.332500E+03 5.047522E-07 +/-  1.364346E-09
1.333500E+03 4.995728E-07 +/-  1.353954E-09
1.334500E+03 5.024313E-07 +/-  1.358118E-09
1.335500E+03 4.990587E-07 +/-  1.350811E-09
1.336500E+03 4.952305E-07 +/-  1.344561E-09
1.337500E+03 4.949513E-07 +/-  1.344787E-09
1.338500E+03 4.938768E-07 +/-  1.342436E-09
1.339500E+03 4.904318E-07 +/-  1.333268E-09
1.340500E+03 4.904726E-07 +/-  1.334360E-09
1.341500E+03 4.869140E-07 +/-  1.325092E-09
1.342500E+03 4.864987E-07 +/-  1.328077E-09
1.343500E+03 4.838053E-07 +/-  1.320665E-09
1.344500E+03 4.813894E-07 +/-  1.317195E-09
1.345500E+03 4.805683E-07 +/-  1.314862E-09
1.346500E+03 4.771237E-07 +/-  1.308657E-09
1.347500E+03 4.770730E-07 +/-  1.305982E-09
1.348500E+03 4.747598E-07 +/-  1.303264E-09
1.349500E+03 4.741085E-07 +/-  1.302186E-09
1.350500E+03 4.707651E-07 +/-  1.294411E-09
1.351500E+03 4.696472E-07 +/-  1.292589E-09
1.352500E+03 4.670989E-07 +/-  1.288319E-09
1.353500E+03 4.669323E-07 +/-  1.285953E-09
1.354500E+03 4.648012E-07 +/-  1.282332E-09
1.355500E+03 4.615713E-07 +/-  1.276696E-09
1.356500E+03 4.611936E-07 +/-  1.275082E-09
1.357500E+03 4.600241E-07 +/-  1.272892E-09
1.358500E+03 4.566171E-07 +/-  1.266682E-09
1.359500E+03 4.552037E-07 +/-  1.263414E-09
1.360500E+03 4.551068E-07 +/-  1.262559E-09
1.361500E+03 4.518291E-07 +/-  1.257952E-09
1.362500E+03 4.505835E-07 +/-  1.253322E-09
1.363500E+03 4.489075E-07 +/-  1.250356E-09
1.364500E+03 4.477529E-07 +/-  1.246690E-09
1.365500E+03 4.462718E-07 +/-  1.244674E-09
1.366500E+03 4.445308E-07 +/-  1.242569E-09
1.367500E+03 4.434498E-07 +/-  1.240576E-09
1.368500E+03 4.395164E-07 +/-  1.230947E-09
1.369500E+03 4.392487E-07 +/-  1.229981E-09
1.370500E+03 4.383496E-07 +/-  1.229511E-09
1.371500E+03 4.363702E-07 +/-  1.222915E-09
1.372500E+03 4.336872E-07 +/-  1.220436E-09
1.373500E+03 4.332500E-07 +/-  1.219283E-09
1.374500E+03 4.314893E-07 +/-  1.214294E-09
1.375500E+03 4.291603E-07 +/-  1.210516E-09
1.376500E+03 4.291005E-07 +/-  1.209840E-09
1.377500E+03 4.260985E-07 +/-  1.203522E-09
1.378500E+03 4.255174E-07 +/-  1.201916E-09
1.379500E+03 4.238340E-07 +/-  1.199986E-09
1.380500E+03 4.213370E-07 +/-  1.195070E-09
1.381500E+03 4.218195E-07 +/-  1.195287E-09
1.382500E+03 4.159399E-07 +/-  1.182693E-09
1.383500E+03 4.180409E-07 +/-  1.187421E-09
1.384500E+03 4.173098E-07 +/-  1.183527E-09
1.385500E+03 4.145232E-07 +/-  1.180150E-09
1.386500E+03 4.115454E-07 +/-  1.175302E-09
1.387500E+03 4.114088E-07 +/-  1.173498E-09
1.388500E+03 4.102618E-07 +/-  1.171649E-09
1.389500E+03 4.090815E-07 +/-  1.167289E-09
1.390500E+03 4.067745E-07 +/-  1.163936E-09
1.391500E+03 4.058783E-07 +/-  1.159640E-09
1.392500E+03 4.017816E-07 +/-  1.155242E-09
1.393500E+03 4.017186E-07 +/-  1.154837E-09
1.394500E+03 4.022668E-07 +/-  1.154755E-09
1.395500E+03 3.982387E-07 +/-  1.147769E-09
1.396500E+03 3.993219E-07 +/-  1.146928E-09
1.397500E+03 3.953918E-07 +/-  1.139932E-09
1.398500E+03 3.971167E-07 +/-  1.142718E-09
1.399500E+03 3.933373E-07 +/-  1.135665E-09
1.400500E+03 3.929638E-07 +/-  1.134771E-09
1.401500E+03 3.901089E-07 +/-  1.131092E-09
1.402500E+03 3.902818E-07 +/-  1.129876E-09
1.403500E+03 3.873147E-07 +/-  1.122603E-09
1.404500E+03 3.878581E-07 +/-  1.123139E-09
1.405500E+03 3.838819E-07 +/-  1.115747E-09
1.406500E+03 3.839817E-07 +/-  1.116037E-09
1.407500E+03 3.833098E-07 +/-  1.114645E-09
1.408500E+03 3.812483E-07 +/-  1.113658E-09
1.409500E+03 3.804318E-07 +/-  1.109346E-09
1.410500E+03 3.778564E-07 +/-  1.103616E-09
1.411500E+03 3.762580E-07 +/-  1.099976E-09
1.412500E+03 3.757170E-07 +/-  1.096548E-09
1.413500E+03 3.755544E-07 +/-  1.098415E-09
1.414500E+03 3.725106E-07 +/-  1.093522E-09
1.415500E+03 3.714025E-07 +/-  1.092101E-09
1.416500E+03 3.700378E-07 +/-  1.087576E-09
1.417500E+03 3.690126E-07 +/-  1.083678E-09
1.418500E+03 3.685744E-07 +/-  1.084546E-09
1.419500E+03 3.642881E-07 +/-  1.074261E-09
1.420500E+03 3.661397E-07 +/-  1.076990E-09
1.421500E+03 3.635718E-07 +/-  1.073851E-09
1.422500E+03 3.618402E-07 +/-  1.072828E-09
1.423500E+03 3.627006E-07 +/-  1.071850E-09
1.424500E+03 3.596536E-07 +/-  1.065516E-09
1.425500E+03 3.577586E-07 +/-  1.061167E-09
1.426500E+03 3.575414E-07 +/-  1.060067E-09
1.427500E+03 3.568118E-07 +/-  1.055962E-09
1.428500E+03 3.528771E-07 +/-  1.050556E-09
1.429500E+03 3.543734E-07 +/-  1.055039E-09
1.430500E+03 3.521981E-07 +/-  1.051347E-09
1.431500E+03 3.510692E-07 +/-  1.047733E-09
1.432500E+03 3.497931E-07 +/-  1.042761E-09
1.433500E+03 3.477841E-07 +/-  1.040806E-09
1.434500E+03 3.484504E-07 +/-  1.039347E-09
1.435500E+03 3.459545E-07 +/-  1.034323E-09
1.436500E+03 3.428649E-07 +/-  1.029678E-09
1.437500E+03 3.459857E-07 +/-  1.036088E-09
1.438500E+03 3.417267E-07 +/-  1.029308E-09
1.439500E+03 3.413235E-07 +/-  1.026060E-09
1.440500E+03 3.396384E-07 +/-  1.022019E-09
1.441500E+03 3.387330E-07 +/-  1.021024E-09
1.442500E+03 3.350779E-07 +/-  1.013181E-09
1.443500E+03 3.385427E-07 +/-  1.017764E-09
1.444500E+03 3.350618E-07 +/-  1.012043E-09
1.445500E+03 3.339513E-07 +/-  1.010718E-09
1.446500E+03 3.322994E-07 +/-  1.008894E-09
1.447500E+03 3.329182E-07 +/-  1.007113E-09
1.448500E+03 3.294168E-07 +/-  1.000703E-09
1.449500E+03 3.289292E-07 +/-  9.999546E-10
1.450500E+03 3.286255E-07 +/-  9.985988E-10
1.451500E+03 3.264187E-07 +/-  9.942019E-10
1.452500E+03 3.256927E-07 +/-  9.897067E-10
1.453500E+03 3.249299E-07 +/-  9.898766E-10
1.454500E+03 3.240691E-07 +/-  9.901323E-10
1.455500E+03 3.226026E-07 +/-  9.857900E-10
1.456500E+03 3.201627E-07 +/-  9.805669E-10
1.457500E+03 3.208436E-07 +/-  9.822827E-10
1.458500E+03 3.184360E-07 +/-  9.776231E-10
1.459500E+03 3.169664E-07 +/-  9.727365E-10
1.460500E+03 3.176075E-07 +/-  9.717991E-10
1.461500E+03 3.154378E-07 +/-  9.677638E-10
1.462500E+03 3.146194E-07 +/-  9.682084E-10
1.463500E+03 3.125223E-07 +/-  9.653790E-10
1.464500E+03 3.132583E-07 +/-  9.647350E-10
1.465500E+03 3.110740E-07 +/-  9.637027E-10
1.466500E+03 3.112570E-07 +/-  9.628269E-10
1.467500E+03 3.080529E-07 +/-  9.547654E-10
1.468500E+03 3.079256E-07 +/-  9.525771E-10
1.469500E+03 3.074930E-07 +/-  9.509537E-10
1.470500E+03 3.064514E-07 +/-  9.476858E-10
1.471500E+03 3.036302E-07 +/-  9.456590E-10
1.472500E+03 3.034923E-07 +/-  9.458314E-10
1.473500E+03 3.035546E-07 +/-  9.452123E-10
1.474500E+03 3.015253E-07 +/-  9.417453E-10
1.475500E+03 3.013683E-07 +/-  9.404550E-10
1.476500E+03 2.978294E-07 +/-  9.324227E-10
1.477500E+03 2.989700E-07 +/-  9.323769E-10
1.478500E+03 2.980441E-07 +/-  9.292977E-10
1.479500E+03 2.967414E-07 +/-  9.251167E-10
1.480500E+03 2.950245E-07 +/-  9.267715E-10
1.481500E+03 2.941193E-07 +/-  9.256865E-10
1.482500E+03 2.943687E-07 +/-  9.251628E-10
1.483500E+03 2.908738E-07 +/-  9.193075E-10
1.484500E+03 2.913513E-07 +/-  9.184026E-10
1.485500E+03 2.905319E-07 +/-  9.146382E-10
1.486500E+03 2.888505E-07 +/-  9.110859E-10
1.487500E+03 2.875489E-07 +/-  9.061328E-10
1.488500E+03 2.889499E-07 +/-  9.089311E-10
1.489500E+03 2.857341E-07 +/-  9.032181E-10
1.490500E+03 2.852095E-07 +/-  9.058629E-10
1.491500E+03 2.856484E-07 +/-  9.059397E-10
1.492500E+03 2.824413E-07 +/-  8.998055E-10
1.493500E+03 2.813450E-07 +/-  8.969733E-10
1.494500E+03 2.823144E-07 +/-  8.967344E-10
1.495500E+03 2.804824E-07 +/-  8.920151E-10
1.496500E+03 2.791033E-07 +/-  8.892547E-10
1.497500E+03 2.775831E-07 +/-  8.845139E-10
1.498500E+03 2.783405E-07 +/-  8.840029E-10
1.499500E+03 2.771202E-07 +/-  8.846301E-10
1.500500E+03 2.754680E-07 +/-  8.836436E-10
1.501500E+03 2.745453E-07 +/-  8.829811E-10
1.502500E+03 2.732789E-07 +/-  8.794360E-10
1.503500E+03 2.731365E-07 +/-  8.778380E-10
1.504500E+03 2.720448E-07 +/-  8.753741E-10
1.505500E+03 2.699860E-07 +/-  8.699275E-10
1.506500E+03 2.708369E-07 +/-  8.698252E-10
1.507500E+03 2.680820E-07 +/-  8.641616E-10
1.508500E+03 2.693739E-07 +/-  8.638521E-10
1.509500E+03 2.677733E-07 +/-  8.615821E-10
1.510500E+03 2.650507E-07 +/-  8.610609E-10
1.511500E+03 2.657708E-07 +/-  8.603259E-10
1.512500E+03 2.635587E-07 +/-  8.561993E-10
1.513500E+03 2.642429E-07 +/-  8.555585E-10
1.514500E+03 2.618659E-07 +/-  8.494812E-10
1.515500E+03 2.623976E-07 +/-  8.495788E-10
1.516500E+03 2.606096E-07 +/-  8.442429E-10
1.517500E+03 2.598600E-07 +/-  8.415809E-10
1.518500E+03 2.594193E-07 +/-  8.392521E-10
1.519500E+03 2.581438E-07 +/-  8.355170E-10
