 d,D -> m,M
x-axis: "Mass{p3+p4}&"  from 20.000000 to 320.000000 N_bins= 300
Diff. cross section [pb/GeV]
2.050000E+01 0.000000E+00 +/-  0.000000E+00
2.150000E+01 0.000000E+00 +/-  0.000000E+00
2.250000E+01 0.000000E+00 +/-  0.000000E+00
2.350000E+01 0.000000E+00 +/-  0.000000E+00
2.450000E+01 0.000000E+00 +/-  0.000000E+00
2.550000E+01 0.000000E+00 +/-  0.000000E+00
2.650000E+01 0.000000E+00 +/-  0.000000E+00
2.750000E+01 0.000000E+00 +/-  0.000000E+00
2.850000E+01 0.000000E+00 +/-  0.000000E+00
2.950000E+01 0.000000E+00 +/-  0.000000E+00
3.050000E+01 0.000000E+00 +/-  0.000000E+00
3.150000E+01 0.000000E+00 +/-  0.000000E+00
3.250000E+01 0.000000E+00 +/-  0.000000E+00
3.350000E+01 0.000000E+00 +/-  0.000000E+00
3.450000E+01 0.000000E+00 +/-  0.000000E+00
3.550000E+01 0.000000E+00 +/-  0.000000E+00
3.650000E+01 0.000000E+00 +/-  0.000000E+00
3.750000E+01 0.000000E+00 +/-  0.000000E+00
3.850000E+01 0.000000E+00 +/-  0.000000E+00
3.950000E+01 0.000000E+00 +/-  0.000000E+00
4.050000E+01 0.000000E+00 +/-  0.000000E+00
4.150000E+01 0.000000E+00 +/-  0.000000E+00
4.250000E+01 0.000000E+00 +/-  0.000000E+00
4.350000E+01 0.000000E+00 +/-  0.000000E+00
4.450000E+01 0.000000E+00 +/-  0.000000E+00
4.550000E+01 0.000000E+00 +/-  0.000000E+00
4.650000E+01 0.000000E+00 +/-  0.000000E+00
4.750000E+01 0.000000E+00 +/-  0.000000E+00
4.850000E+01 0.000000E+00 +/-  0.000000E+00
4.950000E+01 0.000000E+00 +/-  0.000000E+00
5.050000E+01 0.000000E+00 +/-  0.000000E+00
5.150000E+01 0.000000E+00 +/-  0.000000E+00
5.250000E+01 0.000000E+00 +/-  0.000000E+00
5.350000E+01 0.000000E+00 +/-  0.000000E+00
5.450000E+01 0.000000E+00 +/-  0.000000E+00
5.550000E+01 0.000000E+00 +/-  0.000000E+00
5.650000E+01 0.000000E+00 +/-  0.000000E+00
5.750000E+01 0.000000E+00 +/-  0.000000E+00
5.850000E+01 0.000000E+00 +/-  0.000000E+00
5.950000E+01 0.000000E+00 +/-  0.000000E+00
6.050000E+01 0.000000E+00 +/-  0.000000E+00
6.150000E+01 0.000000E+00 +/-  0.000000E+00
6.250000E+01 0.000000E+00 +/-  0.000000E+00
6.350000E+01 0.000000E+00 +/-  0.000000E+00
6.450000E+01 0.000000E+00 +/-  0.000000E+00
6.550000E+01 0.000000E+00 +/-  0.000000E+00
6.650000E+01 0.000000E+00 +/-  0.000000E+00
6.750000E+01 0.000000E+00 +/-  0.000000E+00
6.850000E+01 0.000000E+00 +/-  0.000000E+00
6.950000E+01 0.000000E+00 +/-  0.000000E+00
7.050000E+01 0.000000E+00 +/-  0.000000E+00
7.150000E+01 0.000000E+00 +/-  0.000000E+00
7.250000E+01 0.000000E+00 +/-  0.000000E+00
7.350000E+01 0.000000E+00 +/-  0.000000E+00
7.450000E+01 0.000000E+00 +/-  0.000000E+00
7.550000E+01 0.000000E+00 +/-  0.000000E+00
7.650000E+01 0.000000E+00 +/-  0.000000E+00
7.750000E+01 0.000000E+00 +/-  0.000000E+00
7.850000E+01 0.000000E+00 +/-  0.000000E+00
7.950000E+01 0.000000E+00 +/-  0.000000E+00
8.050000E+01 0.000000E+00 +/-  0.000000E+00
8.150000E+01 0.000000E+00 +/-  0.000000E+00
8.250000E+01 0.000000E+00 +/-  0.000000E+00
8.350000E+01 0.000000E+00 +/-  0.000000E+00
8.450000E+01 0.000000E+00 +/-  0.000000E+00
8.550000E+01 0.000000E+00 +/-  0.000000E+00
8.650000E+01 0.000000E+00 +/-  0.000000E+00
8.750000E+01 0.000000E+00 +/-  0.000000E+00
8.850000E+01 0.000000E+00 +/-  0.000000E+00
8.950000E+01 0.000000E+00 +/-  0.000000E+00
9.050000E+01 0.000000E+00 +/-  0.000000E+00
9.150000E+01 0.000000E+00 +/-  0.000000E+00
9.250000E+01 0.000000E+00 +/-  0.000000E+00
9.350000E+01 0.000000E+00 +/-  0.000000E+00
9.450000E+01 0.000000E+00 +/-  0.000000E+00
9.550000E+01 0.000000E+00 +/-  0.000000E+00
9.650000E+01 0.000000E+00 +/-  0.000000E+00
9.750000E+01 0.000000E+00 +/-  0.000000E+00
9.850000E+01 0.000000E+00 +/-  0.000000E+00
9.950000E+01 0.000000E+00 +/-  0.000000E+00
1.005000E+02 1.701042E-03 +/-  1.181781E-05
1.015000E+02 2.979186E-03 +/-  1.482585E-05
1.025000E+02 3.740265E-03 +/-  1.594245E-05
1.035000E+02 4.231378E-03 +/-  1.641579E-05
1.045000E+02 4.602029E-03 +/-  1.649866E-05
1.055000E+02 4.875377E-03 +/-  1.664326E-05
1.065000E+02 5.106105E-03 +/-  1.670159E-05
1.075000E+02 5.266083E-03 +/-  1.662603E-05
1.085000E+02 5.388434E-03 +/-  1.654260E-05
1.095000E+02 5.480620E-03 +/-  1.631051E-05
1.105000E+02 5.555707E-03 +/-  1.626439E-05
1.115000E+02 5.579572E-03 +/-  1.591809E-05
1.125000E+02 5.584072E-03 +/-  1.562845E-05
1.135000E+02 5.591701E-03 +/-  1.529916E-05
1.145000E+02 5.563740E-03 +/-  1.500815E-05
1.155000E+02 5.558291E-03 +/-  1.480022E-05
1.165000E+02 5.510948E-03 +/-  1.445071E-05
1.175000E+02 5.471197E-03 +/-  1.423104E-05
1.185000E+02 5.415240E-03 +/-  1.382586E-05
1.195000E+02 5.359996E-03 +/-  1.360170E-05
1.205000E+02 5.298551E-03 +/-  1.331517E-05
1.215000E+02 5.219148E-03 +/-  1.311778E-05
1.225000E+02 5.143190E-03 +/-  1.282515E-05
1.235000E+02 5.093381E-03 +/-  1.270060E-05
1.245000E+02 5.001277E-03 +/-  1.233835E-05
1.255000E+02 4.922678E-03 +/-  1.203447E-05
1.265000E+02 4.853550E-03 +/-  1.176990E-05
1.275000E+02 4.769405E-03 +/-  1.151444E-05
1.285000E+02 4.678989E-03 +/-  1.124564E-05
1.295000E+02 4.596059E-03 +/-  1.106485E-05
1.305000E+02 4.522234E-03 +/-  1.096710E-05
1.315000E+02 4.449664E-03 +/-  1.077967E-05
1.325000E+02 4.365900E-03 +/-  1.051453E-05
1.335000E+02 4.269847E-03 +/-  1.019328E-05
1.345000E+02 4.201797E-03 +/-  9.991212E-06
1.355000E+02 4.110928E-03 +/-  9.786599E-06
1.365000E+02 4.034775E-03 +/-  9.603156E-06
1.375000E+02 3.957558E-03 +/-  9.444747E-06
1.385000E+02 3.882622E-03 +/-  9.304160E-06
1.395000E+02 3.803364E-03 +/-  9.139704E-06
1.405000E+02 3.730417E-03 +/-  8.936233E-06
1.415000E+02 3.650959E-03 +/-  8.676965E-06
1.425000E+02 3.585493E-03 +/-  8.513913E-06
1.435000E+02 3.507835E-03 +/-  8.348869E-06
1.445000E+02 3.434183E-03 +/-  8.323367E-06
1.455000E+02 3.374138E-03 +/-  8.156544E-06
1.465000E+02 3.291502E-03 +/-  7.970085E-06
1.475000E+02 3.236558E-03 +/-  7.811403E-06
1.485000E+02 3.167175E-03 +/-  7.618819E-06
1.495000E+02 3.100907E-03 +/-  7.496802E-06
1.505000E+02 3.041331E-03 +/-  7.356708E-06
1.515000E+02 2.978233E-03 +/-  7.297485E-06
1.525000E+02 2.919114E-03 +/-  7.183364E-06
1.535000E+02 2.852747E-03 +/-  7.007770E-06
1.545000E+02 2.802965E-03 +/-  6.892994E-06
1.555000E+02 2.738411E-03 +/-  6.769557E-06
1.565000E+02 2.680816E-03 +/-  6.620593E-06
1.575000E+02 2.629171E-03 +/-  6.489460E-06
1.585000E+02 2.581988E-03 +/-  6.415179E-06
1.595000E+02 2.522176E-03 +/-  6.322491E-06
1.605000E+02 2.474834E-03 +/-  6.230574E-06
1.615000E+02 2.415685E-03 +/-  6.092225E-06
1.625000E+02 2.371340E-03 +/-  6.001134E-06
1.635000E+02 2.325836E-03 +/-  5.952066E-06
1.645000E+02 2.278296E-03 +/-  5.836293E-06
1.655000E+02 2.225691E-03 +/-  5.722051E-06
1.665000E+02 2.186829E-03 +/-  5.636118E-06
1.675000E+02 2.137052E-03 +/-  5.542287E-06
1.685000E+02 2.102830E-03 +/-  5.486376E-06
1.695000E+02 2.063141E-03 +/-  5.402647E-06
1.705000E+02 2.004525E-03 +/-  5.278927E-06
1.715000E+02 1.974368E-03 +/-  5.209910E-06
1.725000E+02 1.940525E-03 +/-  5.142923E-06
1.735000E+02 1.896948E-03 +/-  5.076039E-06
1.745000E+02 1.860467E-03 +/-  4.992729E-06
1.755000E+02 1.819507E-03 +/-  4.904464E-06
1.765000E+02 1.786139E-03 +/-  4.826894E-06
1.775000E+02 1.750092E-03 +/-  4.771852E-06
1.785000E+02 1.714584E-03 +/-  4.699513E-06
1.795000E+02 1.686207E-03 +/-  4.651429E-06
1.805000E+02 1.647140E-03 +/-  4.557582E-06
1.815000E+02 1.615129E-03 +/-  4.484036E-06
1.825000E+02 1.590508E-03 +/-  4.441686E-06
1.835000E+02 1.551028E-03 +/-  4.367431E-06
1.845000E+02 1.524763E-03 +/-  4.328237E-06
1.855000E+02 1.497099E-03 +/-  4.253622E-06
1.865000E+02 1.469945E-03 +/-  4.195940E-06
1.875000E+02 1.434499E-03 +/-  4.113851E-06
1.885000E+02 1.417284E-03 +/-  4.085621E-06
1.895000E+02 1.379674E-03 +/-  4.024974E-06
1.905000E+02 1.359346E-03 +/-  3.967938E-06
1.915000E+02 1.332377E-03 +/-  3.917512E-06
1.925000E+02 1.302620E-03 +/-  3.841920E-06
1.935000E+02 1.284891E-03 +/-  3.796766E-06
1.945000E+02 1.261084E-03 +/-  3.762331E-06
1.955000E+02 1.233404E-03 +/-  3.718188E-06
1.965000E+02 1.212747E-03 +/-  3.667334E-06
1.975000E+02 1.189592E-03 +/-  3.613618E-06
1.985000E+02 1.167566E-03 +/-  3.564634E-06
1.995000E+02 1.142856E-03 +/-  3.491228E-06
2.005000E+02 1.125175E-03 +/-  3.479308E-06
2.015000E+02 1.102908E-03 +/-  3.445152E-06
2.025000E+02 1.085909E-03 +/-  3.417428E-06
2.035000E+02 1.062062E-03 +/-  3.355414E-06
2.045000E+02 1.043324E-03 +/-  3.308168E-06
2.055000E+02 1.026876E-03 +/-  3.279605E-06
2.065000E+02 1.003610E-03 +/-  3.214665E-06
2.075000E+02 9.939281E-04 +/-  3.201806E-06
2.085000E+02 9.716682E-04 +/-  3.176533E-06
2.095000E+02 9.505220E-04 +/-  3.146804E-06
2.105000E+02 9.348546E-04 +/-  3.110624E-06
2.115000E+02 9.258128E-04 +/-  3.060357E-06
2.125000E+02 9.033117E-04 +/-  3.023322E-06
2.135000E+02 8.894064E-04 +/-  2.992734E-06
2.145000E+02 8.718384E-04 +/-  2.958429E-06
2.155000E+02 8.555575E-04 +/-  2.893500E-06
2.165000E+02 8.425439E-04 +/-  2.891546E-06
2.175000E+02 8.254916E-04 +/-  2.887304E-06
2.185000E+02 8.164067E-04 +/-  2.841462E-06
2.195000E+02 8.000273E-04 +/-  2.794286E-06
2.205000E+02 7.867779E-04 +/-  2.741231E-06
2.215000E+02 7.691083E-04 +/-  2.734208E-06
2.225000E+02 7.596840E-04 +/-  2.712381E-06
2.235000E+02 7.463463E-04 +/-  2.658770E-06
2.245000E+02 7.313343E-04 +/-  2.596904E-06
2.255000E+02 7.202992E-04 +/-  2.589115E-06
2.265000E+02 7.075474E-04 +/-  2.609077E-06
2.275000E+02 6.982269E-04 +/-  2.580695E-06
2.285000E+02 6.793415E-04 +/-  2.521302E-06
2.295000E+02 6.742403E-04 +/-  2.481486E-06
2.305000E+02 6.646131E-04 +/-  2.469585E-06
2.315000E+02 6.505789E-04 +/-  2.443363E-06
2.325000E+02 6.379277E-04 +/-  2.414847E-06
2.335000E+02 6.303446E-04 +/-  2.383688E-06
2.345000E+02 6.182527E-04 +/-  2.337090E-06
2.355000E+02 6.099965E-04 +/-  2.356961E-06
2.365000E+02 6.004897E-04 +/-  2.312142E-06
2.375000E+02 5.876884E-04 +/-  2.291724E-06
2.385000E+02 5.786936E-04 +/-  2.297518E-06
2.395000E+02 5.717386E-04 +/-  2.261238E-06
2.405000E+02 5.588057E-04 +/-  2.215040E-06
2.415000E+02 5.547155E-04 +/-  2.192707E-06
2.425000E+02 5.426759E-04 +/-  2.147874E-06
2.435000E+02 5.345374E-04 +/-  2.167653E-06
2.445000E+02 5.232768E-04 +/-  2.124900E-06
2.455000E+02 5.174333E-04 +/-  2.116465E-06
2.465000E+02 5.111463E-04 +/-  2.110227E-06
2.475000E+02 5.022735E-04 +/-  2.072437E-06
2.485000E+02 4.904656E-04 +/-  2.009587E-06
2.495000E+02 4.845688E-04 +/-  1.994524E-06
2.505000E+02 4.777958E-04 +/-  1.957459E-06
2.515000E+02 4.721035E-04 +/-  1.998355E-06
2.525000E+02 4.644991E-04 +/-  1.993713E-06
2.535000E+02 4.556509E-04 +/-  1.948777E-06
2.545000E+02 4.480251E-04 +/-  1.910745E-06
2.555000E+02 4.415106E-04 +/-  1.885707E-06
2.565000E+02 4.336218E-04 +/-  1.881159E-06
2.575000E+02 4.296596E-04 +/-  1.920131E-06
2.585000E+02 4.209646E-04 +/-  1.892926E-06
2.595000E+02 4.185553E-04 +/-  1.885859E-06
2.605000E+02 4.099255E-04 +/-  1.833131E-06
2.615000E+02 4.016752E-04 +/-  1.797502E-06
2.625000E+02 3.969456E-04 +/-  1.784743E-06
2.635000E+02 3.920777E-04 +/-  1.759259E-06
2.645000E+02 3.847119E-04 +/-  1.719078E-06
2.655000E+02 3.785101E-04 +/-  1.691946E-06
2.665000E+02 3.731139E-04 +/-  1.666718E-06
2.675000E+02 3.701269E-04 +/-  1.651964E-06
2.685000E+02 3.613369E-04 +/-  1.637274E-06
2.695000E+02 3.573123E-04 +/-  1.669959E-06
2.705000E+02 3.507773E-04 +/-  1.674107E-06
2.715000E+02 3.482186E-04 +/-  1.660190E-06
2.725000E+02 3.401996E-04 +/-  1.616676E-06
2.735000E+02 3.371661E-04 +/-  1.625475E-06
2.745000E+02 3.300995E-04 +/-  1.630017E-06
2.755000E+02 3.283011E-04 +/-  1.621718E-06
2.765000E+02 3.238021E-04 +/-  1.604914E-06
2.775000E+02 3.172008E-04 +/-  1.566413E-06
2.785000E+02 3.123149E-04 +/-  1.530542E-06
2.795000E+02 3.094341E-04 +/-  1.514558E-06
2.805000E+02 3.044975E-04 +/-  1.493077E-06
2.815000E+02 3.005762E-04 +/-  1.470223E-06
2.825000E+02 2.956580E-04 +/-  1.453905E-06
2.835000E+02 2.918068E-04 +/-  1.435586E-06
2.845000E+02 2.864079E-04 +/-  1.402941E-06
2.855000E+02 2.819725E-04 +/-  1.407531E-06
2.865000E+02 2.793077E-04 +/-  1.405051E-06
2.875000E+02 2.757788E-04 +/-  1.377980E-06
2.885000E+02 2.714655E-04 +/-  1.351920E-06
2.895000E+02 2.669834E-04 +/-  1.327662E-06
2.905000E+02 2.637428E-04 +/-  1.309665E-06
2.915000E+02 2.621281E-04 +/-  1.362568E-06
2.925000E+02 2.558209E-04 +/-  1.345354E-06
2.935000E+02 2.566032E-04 +/-  1.350094E-06
2.945000E+02 2.494895E-04 +/-  1.324127E-06
2.955000E+02 2.468079E-04 +/-  1.360598E-06
2.965000E+02 2.403101E-04 +/-  1.293683E-06
2.975000E+02 2.417465E-04 +/-  1.305663E-06
2.985000E+02 2.350794E-04 +/-  1.261715E-06
2.995000E+02 2.346243E-04 +/-  1.274586E-06
3.005000E+02 2.302177E-04 +/-  1.241338E-06
3.015000E+02 2.282768E-04 +/-  1.237864E-06
3.025000E+02 2.218126E-04 +/-  1.214898E-06
3.035000E+02 2.197750E-04 +/-  1.212299E-06
3.045000E+02 2.167743E-04 +/-  1.181385E-06
3.055000E+02 2.164150E-04 +/-  1.189594E-06
3.065000E+02 2.107262E-04 +/-  1.156730E-06
3.075000E+02 2.115238E-04 +/-  1.157138E-06
3.085000E+02 2.066307E-04 +/-  1.127077E-06
3.095000E+02 2.039966E-04 +/-  1.112610E-06
3.105000E+02 2.010291E-04 +/-  1.095263E-06
3.115000E+02 1.983853E-04 +/-  1.083171E-06
3.125000E+02 1.974869E-04 +/-  1.078080E-06
3.135000E+02 1.931436E-04 +/-  1.055084E-06
3.145000E+02 1.908841E-04 +/-  1.034825E-06
3.155000E+02 1.893724E-04 +/-  1.030952E-06
3.165000E+02 1.856938E-04 +/-  1.007005E-06
3.175000E+02 1.846842E-04 +/-  9.986606E-07
3.185000E+02 1.818410E-04 +/-  9.783598E-07
3.195000E+02 1.781441E-04 +/-  9.605406E-07
