 d,D -> m,M
x-axis: "Mass{p3+p4}$"  from 320.000000 to 620.000000 N_bins= 300
Diff. cross section [pb/GeV]
3.205000E+02 3.462368E-04 +/-  7.570141E-07
3.215000E+02 3.419109E-04 +/-  7.487833E-07
3.225000E+02 3.375365E-04 +/-  7.391539E-07
3.235000E+02 3.322871E-04 +/-  7.269495E-07
3.245000E+02 3.281376E-04 +/-  7.170004E-07
3.255000E+02 3.240303E-04 +/-  7.105117E-07
3.265000E+02 3.190481E-04 +/-  6.962318E-07
3.275000E+02 3.142337E-04 +/-  6.883646E-07
3.285000E+02 3.106657E-04 +/-  6.814407E-07
3.295000E+02 3.066532E-04 +/-  6.755405E-07
3.305000E+02 3.019674E-04 +/-  6.662081E-07
3.315000E+02 2.982263E-04 +/-  6.572654E-07
3.325000E+02 2.946756E-04 +/-  6.498249E-07
3.335000E+02 2.896108E-04 +/-  6.377210E-07
3.345000E+02 2.865478E-04 +/-  6.334106E-07
3.355000E+02 2.830740E-04 +/-  6.261491E-07
3.365000E+02 2.787871E-04 +/-  6.160509E-07
3.375000E+02 2.756206E-04 +/-  6.140822E-07
3.385000E+02 2.717814E-04 +/-  6.080604E-07
3.395000E+02 2.680746E-04 +/-  6.002092E-07
3.405000E+02 2.643484E-04 +/-  5.945038E-07
3.415000E+02 2.612759E-04 +/-  5.843855E-07
3.425000E+02 2.582278E-04 +/-  5.782436E-07
3.435000E+02 2.542602E-04 +/-  5.698690E-07
3.445000E+02 2.518029E-04 +/-  5.686283E-07
3.455000E+02 2.474518E-04 +/-  5.575713E-07
3.465000E+02 2.454387E-04 +/-  5.571443E-07
3.475000E+02 2.413356E-04 +/-  5.500797E-07
3.485000E+02 2.392439E-04 +/-  5.455809E-07
3.495000E+02 2.358787E-04 +/-  5.369620E-07
3.505000E+02 2.326632E-04 +/-  5.297495E-07
3.515000E+02 2.294781E-04 +/-  5.238344E-07
3.525000E+02 2.271154E-04 +/-  5.164430E-07
3.535000E+02 2.239640E-04 +/-  5.155073E-07
3.545000E+02 2.213747E-04 +/-  5.143578E-07
3.555000E+02 2.186966E-04 +/-  5.063344E-07
3.565000E+02 2.160133E-04 +/-  4.996105E-07
3.575000E+02 2.129105E-04 +/-  4.933023E-07
3.585000E+02 2.104956E-04 +/-  4.868820E-07
3.595000E+02 2.080763E-04 +/-  4.848674E-07
3.605000E+02 2.057178E-04 +/-  4.810437E-07
3.615000E+02 2.021717E-04 +/-  4.733983E-07
3.625000E+02 2.010208E-04 +/-  4.713902E-07
3.635000E+02 1.977457E-04 +/-  4.652956E-07
3.645000E+02 1.954884E-04 +/-  4.599761E-07
3.655000E+02 1.933723E-04 +/-  4.570710E-07
3.665000E+02 1.911365E-04 +/-  4.521651E-07
3.675000E+02 1.884581E-04 +/-  4.459022E-07
3.685000E+02 1.863981E-04 +/-  4.439344E-07
3.695000E+02 1.840622E-04 +/-  4.395296E-07
3.705000E+02 1.816476E-04 +/-  4.337651E-07
3.715000E+02 1.800436E-04 +/-  4.307200E-07
3.725000E+02 1.773723E-04 +/-  4.249431E-07
3.735000E+02 1.759957E-04 +/-  4.227607E-07
3.745000E+02 1.731477E-04 +/-  4.156883E-07
3.755000E+02 1.712544E-04 +/-  4.133482E-07
3.765000E+02 1.695927E-04 +/-  4.124329E-07
3.775000E+02 1.668835E-04 +/-  4.075039E-07
3.785000E+02 1.657060E-04 +/-  4.039129E-07
3.795000E+02 1.633841E-04 +/-  3.989086E-07
3.805000E+02 1.616470E-04 +/-  3.956519E-07
3.815000E+02 1.597690E-04 +/-  3.916346E-07
3.825000E+02 1.579910E-04 +/-  3.877504E-07
3.835000E+02 1.559290E-04 +/-  3.837201E-07
3.845000E+02 1.545822E-04 +/-  3.808803E-07
3.855000E+02 1.529080E-04 +/-  3.798415E-07
3.865000E+02 1.506227E-04 +/-  3.744557E-07
3.875000E+02 1.488561E-04 +/-  3.713560E-07
3.885000E+02 1.477499E-04 +/-  3.689387E-07
3.895000E+02 1.454906E-04 +/-  3.641230E-07
3.905000E+02 1.441362E-04 +/-  3.622218E-07
3.915000E+02 1.423755E-04 +/-  3.582250E-07
3.925000E+02 1.406770E-04 +/-  3.551218E-07
3.935000E+02 1.394929E-04 +/-  3.521584E-07
3.945000E+02 1.376587E-04 +/-  3.489010E-07
3.955000E+02 1.364115E-04 +/-  3.456736E-07
3.965000E+02 1.346823E-04 +/-  3.428676E-07
3.975000E+02 1.328332E-04 +/-  3.396129E-07
3.985000E+02 1.313679E-04 +/-  3.356125E-07
3.995000E+02 1.307490E-04 +/-  3.354021E-07
4.005000E+02 1.284787E-04 +/-  3.297239E-07
4.015000E+02 1.273511E-04 +/-  3.294598E-07
4.025000E+02 1.260679E-04 +/-  3.261597E-07
4.035000E+02 1.248659E-04 +/-  3.231941E-07
4.045000E+02 1.230147E-04 +/-  3.195494E-07
4.055000E+02 1.216745E-04 +/-  3.172181E-07
4.065000E+02 1.208207E-04 +/-  3.168784E-07
4.075000E+02 1.189866E-04 +/-  3.122255E-07
4.085000E+02 1.178809E-04 +/-  3.103178E-07
4.095000E+02 1.170147E-04 +/-  3.075766E-07
4.105000E+02 1.152385E-04 +/-  3.034479E-07
4.115000E+02 1.142009E-04 +/-  3.036680E-07
4.125000E+02 1.129755E-04 +/-  3.003225E-07
4.135000E+02 1.120669E-04 +/-  2.982557E-07
4.145000E+02 1.106489E-04 +/-  2.949339E-07
4.155000E+02 1.094116E-04 +/-  2.912869E-07
4.165000E+02 1.078068E-04 +/-  2.904507E-07
4.175000E+02 1.072471E-04 +/-  2.890158E-07
4.185000E+02 1.060008E-04 +/-  2.860136E-07
4.195000E+02 1.048354E-04 +/-  2.836644E-07
4.205000E+02 1.037531E-04 +/-  2.807012E-07
4.215000E+02 1.030028E-04 +/-  2.780190E-07
4.225000E+02 1.010814E-04 +/-  2.777271E-07
4.235000E+02 1.005721E-04 +/-  2.753499E-07
4.245000E+02 9.968716E-05 +/-  2.733314E-07
4.255000E+02 9.820033E-05 +/-  2.702919E-07
4.265000E+02 9.756846E-05 +/-  2.679418E-07
4.275000E+02 9.612856E-05 +/-  2.646185E-07
4.285000E+02 9.565779E-05 +/-  2.659964E-07
4.295000E+02 9.446700E-05 +/-  2.631020E-07
4.305000E+02 9.335054E-05 +/-  2.602684E-07
4.315000E+02 9.291338E-05 +/-  2.594548E-07
4.325000E+02 9.098822E-05 +/-  2.546368E-07
4.335000E+02 9.058340E-05 +/-  2.532781E-07
4.345000E+02 8.992419E-05 +/-  2.533846E-07
4.355000E+02 8.874217E-05 +/-  2.514416E-07
4.365000E+02 8.805901E-05 +/-  2.492530E-07
4.375000E+02 8.690975E-05 +/-  2.474116E-07
4.385000E+02 8.614913E-05 +/-  2.448916E-07
4.395000E+02 8.535377E-05 +/-  2.423663E-07
4.405000E+02 8.438190E-05 +/-  2.402702E-07
4.415000E+02 8.371018E-05 +/-  2.413771E-07
4.425000E+02 8.263064E-05 +/-  2.386255E-07
4.435000E+02 8.196346E-05 +/-  2.361249E-07
4.445000E+02 8.089970E-05 +/-  2.349450E-07
4.455000E+02 8.037856E-05 +/-  2.326393E-07
4.465000E+02 7.940656E-05 +/-  2.301579E-07
4.475000E+02 7.858737E-05 +/-  2.278551E-07
4.485000E+02 7.796048E-05 +/-  2.294898E-07
4.495000E+02 7.720174E-05 +/-  2.272500E-07
4.505000E+02 7.656548E-05 +/-  2.248818E-07
4.515000E+02 7.571620E-05 +/-  2.235314E-07
4.525000E+02 7.487444E-05 +/-  2.215053E-07
4.535000E+02 7.421295E-05 +/-  2.192533E-07
4.545000E+02 7.352856E-05 +/-  2.169109E-07
4.555000E+02 7.263376E-05 +/-  2.171394E-07
4.565000E+02 7.220396E-05 +/-  2.168982E-07
4.575000E+02 7.131101E-05 +/-  2.142539E-07
4.585000E+02 7.033593E-05 +/-  2.114873E-07
4.595000E+02 6.992828E-05 +/-  2.109633E-07
4.605000E+02 6.928009E-05 +/-  2.092423E-07
4.615000E+02 6.896717E-05 +/-  2.077463E-07
4.625000E+02 6.794381E-05 +/-  2.055710E-07
4.635000E+02 6.734167E-05 +/-  2.047923E-07
4.645000E+02 6.684039E-05 +/-  2.053962E-07
4.655000E+02 6.590224E-05 +/-  2.025312E-07
4.665000E+02 6.555405E-05 +/-  2.011098E-07
4.675000E+02 6.473555E-05 +/-  1.987121E-07
4.685000E+02 6.416202E-05 +/-  1.985063E-07
4.695000E+02 6.376720E-05 +/-  1.969527E-07
4.705000E+02 6.303465E-05 +/-  1.953150E-07
4.715000E+02 6.252002E-05 +/-  1.936338E-07
4.725000E+02 6.167762E-05 +/-  1.928439E-07
4.735000E+02 6.107989E-05 +/-  1.926525E-07
4.745000E+02 6.041346E-05 +/-  1.905553E-07
4.755000E+02 6.027047E-05 +/-  1.892134E-07
4.765000E+02 5.955800E-05 +/-  1.870413E-07
4.775000E+02 5.901930E-05 +/-  1.872347E-07
4.785000E+02 5.845271E-05 +/-  1.859195E-07
4.795000E+02 5.801334E-05 +/-  1.843512E-07
4.805000E+02 5.730680E-05 +/-  1.819797E-07
4.815000E+02 5.684054E-05 +/-  1.813128E-07
4.825000E+02 5.632287E-05 +/-  1.806628E-07
4.835000E+02 5.587537E-05 +/-  1.803990E-07
4.845000E+02 5.520463E-05 +/-  1.782215E-07
4.855000E+02 5.467657E-05 +/-  1.767161E-07
4.865000E+02 5.425402E-05 +/-  1.754656E-07
4.875000E+02 5.404160E-05 +/-  1.757076E-07
4.885000E+02 5.362268E-05 +/-  1.744955E-07
4.895000E+02 5.283505E-05 +/-  1.721884E-07
4.905000E+02 5.234073E-05 +/-  1.705897E-07
4.915000E+02 5.192770E-05 +/-  1.703156E-07
4.925000E+02 5.135253E-05 +/-  1.684095E-07
4.935000E+02 5.067003E-05 +/-  1.679130E-07
4.945000E+02 5.029847E-05 +/-  1.678475E-07
4.955000E+02 5.035897E-05 +/-  1.670609E-07
4.965000E+02 4.947183E-05 +/-  1.645570E-07
4.975000E+02 4.914831E-05 +/-  1.632651E-07
4.985000E+02 4.894113E-05 +/-  1.638709E-07
4.995000E+02 4.803692E-05 +/-  1.617043E-07
5.005000E+02 4.802522E-05 +/-  1.609062E-07
5.015000E+02 4.728261E-05 +/-  1.597094E-07
5.025000E+02 4.721352E-05 +/-  1.597326E-07
5.035000E+02 4.653941E-05 +/-  1.578192E-07
5.045000E+02 4.605436E-05 +/-  1.561568E-07
5.055000E+02 4.571340E-05 +/-  1.562141E-07
5.065000E+02 4.540993E-05 +/-  1.558329E-07
5.075000E+02 4.512700E-05 +/-  1.545165E-07
5.085000E+02 4.459201E-05 +/-  1.528543E-07
5.095000E+02 4.432367E-05 +/-  1.515257E-07
5.105000E+02 4.376030E-05 +/-  1.515327E-07
5.115000E+02 4.339199E-05 +/-  1.510873E-07
5.125000E+02 4.305427E-05 +/-  1.502986E-07
5.135000E+02 4.260401E-05 +/-  1.495524E-07
5.145000E+02 4.242113E-05 +/-  1.484866E-07
5.155000E+02 4.194494E-05 +/-  1.468671E-07
5.165000E+02 4.150734E-05 +/-  1.452690E-07
5.175000E+02 4.133280E-05 +/-  1.441766E-07
5.185000E+02 4.098961E-05 +/-  1.436375E-07
5.195000E+02 4.034261E-05 +/-  1.434946E-07
5.205000E+02 4.016667E-05 +/-  1.428655E-07
5.215000E+02 3.977401E-05 +/-  1.414324E-07
5.225000E+02 3.960870E-05 +/-  1.404067E-07
5.235000E+02 3.919958E-05 +/-  1.400972E-07
5.245000E+02 3.906386E-05 +/-  1.406301E-07
5.255000E+02 3.859153E-05 +/-  1.398794E-07
5.265000E+02 3.804400E-05 +/-  1.381106E-07
5.275000E+02 3.766687E-05 +/-  1.367028E-07
5.285000E+02 3.783529E-05 +/-  1.365099E-07
5.295000E+02 3.707010E-05 +/-  1.345726E-07
5.305000E+02 3.681768E-05 +/-  1.335007E-07
5.315000E+02 3.665947E-05 +/-  1.326595E-07
5.325000E+02 3.637426E-05 +/-  1.313663E-07
5.335000E+02 3.612421E-05 +/-  1.313978E-07
5.345000E+02 3.564894E-05 +/-  1.314079E-07
5.355000E+02 3.531126E-05 +/-  1.302633E-07
5.365000E+02 3.512016E-05 +/-  1.291947E-07
5.375000E+02 3.476234E-05 +/-  1.286540E-07
5.385000E+02 3.461570E-05 +/-  1.308411E-07
5.395000E+02 3.409736E-05 +/-  1.297949E-07
5.405000E+02 3.406874E-05 +/-  1.291029E-07
5.415000E+02 3.370337E-05 +/-  1.277624E-07
5.425000E+02 3.332158E-05 +/-  1.262926E-07
5.435000E+02 3.317611E-05 +/-  1.254979E-07
5.445000E+02 3.297818E-05 +/-  1.243746E-07
5.455000E+02 3.257703E-05 +/-  1.230521E-07
5.465000E+02 3.225790E-05 +/-  1.219564E-07
5.475000E+02 3.193036E-05 +/-  1.207672E-07
5.485000E+02 3.187311E-05 +/-  1.203708E-07
5.495000E+02 3.171461E-05 +/-  1.193964E-07
5.505000E+02 3.129777E-05 +/-  1.187825E-07
5.515000E+02 3.081047E-05 +/-  1.198303E-07
5.525000E+02 3.083018E-05 +/-  1.199220E-07
5.535000E+02 3.045236E-05 +/-  1.186723E-07
5.545000E+02 3.040173E-05 +/-  1.179993E-07
5.555000E+02 3.008529E-05 +/-  1.188504E-07
5.565000E+02 2.991988E-05 +/-  1.180664E-07
5.575000E+02 2.951251E-05 +/-  1.168306E-07
5.585000E+02 2.929641E-05 +/-  1.159304E-07
5.595000E+02 2.928203E-05 +/-  1.154487E-07
5.605000E+02 2.883914E-05 +/-  1.140526E-07
5.615000E+02 2.852577E-05 +/-  1.128328E-07
5.625000E+02 2.838982E-05 +/-  1.119019E-07
5.635000E+02 2.806901E-05 +/-  1.108885E-07
5.645000E+02 2.794949E-05 +/-  1.099451E-07
5.655000E+02 2.764329E-05 +/-  1.088901E-07
5.665000E+02 2.760964E-05 +/-  1.089681E-07
5.675000E+02 2.756981E-05 +/-  1.094016E-07
5.685000E+02 2.712865E-05 +/-  1.080504E-07
5.695000E+02 2.671231E-05 +/-  1.066343E-07
5.705000E+02 2.667285E-05 +/-  1.077775E-07
5.715000E+02 2.655137E-05 +/-  1.083982E-07
5.725000E+02 2.617783E-05 +/-  1.070844E-07
5.735000E+02 2.603138E-05 +/-  1.062244E-07
5.745000E+02 2.596307E-05 +/-  1.077822E-07
5.755000E+02 2.564598E-05 +/-  1.068442E-07
5.765000E+02 2.546464E-05 +/-  1.057240E-07
5.775000E+02 2.536262E-05 +/-  1.053901E-07
5.785000E+02 2.502283E-05 +/-  1.042007E-07
5.795000E+02 2.497602E-05 +/-  1.036403E-07
5.805000E+02 2.462520E-05 +/-  1.023993E-07
5.815000E+02 2.445600E-05 +/-  1.016365E-07
5.825000E+02 2.431376E-05 +/-  1.007832E-07
5.835000E+02 2.410511E-05 +/-  1.008970E-07
5.845000E+02 2.384493E-05 +/-  1.000862E-07
5.855000E+02 2.380416E-05 +/-  9.949386E-08
5.865000E+02 2.359784E-05 +/-  9.860372E-08
5.875000E+02 2.342708E-05 +/-  9.789066E-08
5.885000E+02 2.322970E-05 +/-  9.723322E-08
5.895000E+02 2.309369E-05 +/-  9.656064E-08
5.905000E+02 2.281929E-05 +/-  9.531982E-08
5.915000E+02 2.253520E-05 +/-  9.415086E-08
5.925000E+02 2.250674E-05 +/-  9.386616E-08
5.935000E+02 2.238749E-05 +/-  9.463060E-08
5.945000E+02 2.223269E-05 +/-  9.514799E-08
5.955000E+02 2.207943E-05 +/-  9.488807E-08
5.965000E+02 2.182257E-05 +/-  9.527216E-08
5.975000E+02 2.164045E-05 +/-  9.441361E-08
5.985000E+02 2.155915E-05 +/-  9.383703E-08
5.995000E+02 2.135970E-05 +/-  9.321079E-08
6.005000E+02 2.123776E-05 +/-  9.256068E-08
6.015000E+02 2.094150E-05 +/-  9.237431E-08
6.025000E+02 2.080626E-05 +/-  9.149230E-08
6.035000E+02 2.082477E-05 +/-  9.119436E-08
6.045000E+02 2.045274E-05 +/-  9.000846E-08
6.055000E+02 2.036196E-05 +/-  8.930355E-08
6.065000E+02 2.024531E-05 +/-  8.876013E-08
6.075000E+02 2.015117E-05 +/-  8.823272E-08
6.085000E+02 1.996249E-05 +/-  8.733079E-08
6.095000E+02 1.984947E-05 +/-  8.686019E-08
6.105000E+02 1.969733E-05 +/-  8.624033E-08
6.115000E+02 1.960622E-05 +/-  8.579089E-08
6.125000E+02 1.935418E-05 +/-  8.462681E-08
6.135000E+02 1.933444E-05 +/-  8.427454E-08
6.145000E+02 1.894288E-05 +/-  8.296320E-08
6.155000E+02 1.896444E-05 +/-  8.261171E-08
6.165000E+02 1.897283E-05 +/-  8.239421E-08
6.175000E+02 1.879285E-05 +/-  8.172299E-08
6.185000E+02 1.867215E-05 +/-  8.104505E-08
6.195000E+02 1.829256E-05 +/-  7.979298E-08
