 G,G -> u,U
x-axis: "Mass{p3+p4}$"  from 1220.000000 to 1520.000000 N_bins= 300
Diff. cross section [pb/GeV]
1.220500E+03 -2.590961E-02 +/-  6.047649E-05
1.221500E+03 -2.581880E-02 +/-  6.025374E-05
1.222500E+03 -2.570466E-02 +/-  5.996190E-05
1.223500E+03 -2.542672E-02 +/-  5.938731E-05
1.224500E+03 -2.540089E-02 +/-  5.934174E-05
1.225500E+03 -2.528691E-02 +/-  5.895058E-05
1.226500E+03 -2.506134E-02 +/-  5.862274E-05
1.227500E+03 -2.502807E-02 +/-  5.862388E-05
1.228500E+03 -2.488243E-02 +/-  5.825736E-05
1.229500E+03 -2.474409E-02 +/-  5.799423E-05
1.230500E+03 -2.463258E-02 +/-  5.778784E-05
1.231500E+03 -2.449569E-02 +/-  5.764217E-05
1.232500E+03 -2.426336E-02 +/-  5.716597E-05
1.233500E+03 -2.430302E-02 +/-  5.722301E-05
1.234500E+03 -2.414214E-02 +/-  5.691879E-05
1.235500E+03 -2.400340E-02 +/-  5.661207E-05
1.236500E+03 -2.380621E-02 +/-  5.624126E-05
1.237500E+03 -2.375274E-02 +/-  5.629292E-05
1.238500E+03 -2.365713E-02 +/-  5.596993E-05
1.239500E+03 -2.349468E-02 +/-  5.563475E-05
1.240500E+03 -2.334642E-02 +/-  5.558824E-05
1.241500E+03 -2.328280E-02 +/-  5.545272E-05
1.242500E+03 -2.313104E-02 +/-  5.508156E-05
1.243500E+03 -2.300186E-02 +/-  5.482958E-05
1.244500E+03 -2.294683E-02 +/-  5.473292E-05
1.245500E+03 -2.274575E-02 +/-  5.434403E-05
1.246500E+03 -2.266929E-02 +/-  5.405025E-05
1.247500E+03 -2.254622E-02 +/-  5.398390E-05
1.248500E+03 -2.248738E-02 +/-  5.392532E-05
1.249500E+03 -2.233411E-02 +/-  5.362201E-05
1.250500E+03 -2.219209E-02 +/-  5.329194E-05
1.251500E+03 -2.212663E-02 +/-  5.320596E-05
1.252500E+03 -2.194974E-02 +/-  5.303241E-05
1.253500E+03 -2.186774E-02 +/-  5.269249E-05
1.254500E+03 -2.180427E-02 +/-  5.262396E-05
1.255500E+03 -2.163786E-02 +/-  5.228459E-05
1.256500E+03 -2.156594E-02 +/-  5.224295E-05
1.257500E+03 -2.144301E-02 +/-  5.189805E-05
1.258500E+03 -2.135070E-02 +/-  5.175621E-05
1.259500E+03 -2.122942E-02 +/-  5.156060E-05
1.260500E+03 -2.108388E-02 +/-  5.126041E-05
1.261500E+03 -2.097448E-02 +/-  5.107075E-05
1.262500E+03 -2.095626E-02 +/-  5.110904E-05
1.263500E+03 -2.075551E-02 +/-  5.068552E-05
1.264500E+03 -2.076063E-02 +/-  5.065850E-05
1.265500E+03 -2.056977E-02 +/-  5.033958E-05
1.266500E+03 -2.051608E-02 +/-  5.033571E-05
1.267500E+03 -2.040021E-02 +/-  5.001116E-05
1.268500E+03 -2.023547E-02 +/-  4.964460E-05
1.269500E+03 -2.015057E-02 +/-  4.963956E-05
1.270500E+03 -2.011964E-02 +/-  4.947386E-05
1.271500E+03 -1.996108E-02 +/-  4.925835E-05
1.272500E+03 -1.986618E-02 +/-  4.894041E-05
1.273500E+03 -1.980896E-02 +/-  4.885378E-05
1.274500E+03 -1.966752E-02 +/-  4.869847E-05
1.275500E+03 -1.958914E-02 +/-  4.851426E-05
1.276500E+03 -1.953839E-02 +/-  4.839360E-05
1.277500E+03 -1.934205E-02 +/-  4.796777E-05
1.278500E+03 -1.925083E-02 +/-  4.787309E-05
1.279500E+03 -1.923321E-02 +/-  4.792584E-05
1.280500E+03 -1.905761E-02 +/-  4.751573E-05
1.281500E+03 -1.899078E-02 +/-  4.740796E-05
1.282500E+03 -1.893878E-02 +/-  4.724040E-05
1.283500E+03 -1.881104E-02 +/-  4.712797E-05
1.284500E+03 -1.869581E-02 +/-  4.679471E-05
1.285500E+03 -1.860597E-02 +/-  4.674888E-05
1.286500E+03 -1.857429E-02 +/-  4.651840E-05
1.287500E+03 -1.837738E-02 +/-  4.619612E-05
1.288500E+03 -1.836403E-02 +/-  4.623531E-05
1.289500E+03 -1.824648E-02 +/-  4.597514E-05
1.290500E+03 -1.821292E-02 +/-  4.589536E-05
1.291500E+03 -1.810183E-02 +/-  4.578377E-05
1.292500E+03 -1.797868E-02 +/-  4.541477E-05
1.293500E+03 -1.788345E-02 +/-  4.523718E-05
1.294500E+03 -1.780385E-02 +/-  4.516302E-05
1.295500E+03 -1.773262E-02 +/-  4.497871E-05
1.296500E+03 -1.762229E-02 +/-  4.477521E-05
1.297500E+03 -1.759419E-02 +/-  4.473840E-05
1.298500E+03 -1.744464E-02 +/-  4.439057E-05
1.299500E+03 -1.737083E-02 +/-  4.439487E-05
1.300500E+03 -1.725276E-02 +/-  4.412454E-05
1.301500E+03 -1.721901E-02 +/-  4.405774E-05
1.302500E+03 -1.704728E-02 +/-  4.372449E-05
1.303500E+03 -1.710041E-02 +/-  4.374993E-05
1.304500E+03 -1.696353E-02 +/-  4.358431E-05
1.305500E+03 -1.684247E-02 +/-  4.333567E-05
1.306500E+03 -1.681064E-02 +/-  4.331596E-05
1.307500E+03 -1.667569E-02 +/-  4.296678E-05
1.308500E+03 -1.660987E-02 +/-  4.275676E-05
1.309500E+03 -1.655225E-02 +/-  4.282006E-05
1.310500E+03 -1.646175E-02 +/-  4.261542E-05
1.311500E+03 -1.636534E-02 +/-  4.243290E-05
1.312500E+03 -1.633043E-02 +/-  4.233954E-05
1.313500E+03 -1.621140E-02 +/-  4.207364E-05
1.314500E+03 -1.608629E-02 +/-  4.187297E-05
1.315500E+03 -1.604369E-02 +/-  4.181749E-05
1.316500E+03 -1.599226E-02 +/-  4.176112E-05
1.317500E+03 -1.589034E-02 +/-  4.146861E-05
1.318500E+03 -1.581512E-02 +/-  4.130741E-05
1.319500E+03 -1.577842E-02 +/-  4.126885E-05
1.320500E+03 -1.566493E-02 +/-  4.104309E-05
1.321500E+03 -1.561377E-02 +/-  4.101641E-05
1.322500E+03 -1.548067E-02 +/-  4.070129E-05
1.323500E+03 -1.540726E-02 +/-  4.055746E-05
1.324500E+03 -1.538630E-02 +/-  4.040101E-05
1.325500E+03 -1.529837E-02 +/-  4.035158E-05
1.326500E+03 -1.518519E-02 +/-  4.026030E-05
1.327500E+03 -1.515624E-02 +/-  4.008598E-05
1.328500E+03 -1.507320E-02 +/-  3.987367E-05
1.329500E+03 -1.500170E-02 +/-  3.968496E-05
1.330500E+03 -1.492156E-02 +/-  3.962988E-05
1.331500E+03 -1.486894E-02 +/-  3.949861E-05
1.332500E+03 -1.473317E-02 +/-  3.932130E-05
1.333500E+03 -1.471787E-02 +/-  3.923082E-05
1.334500E+03 -1.461996E-02 +/-  3.900624E-05
1.335500E+03 -1.459429E-02 +/-  3.891572E-05
1.336500E+03 -1.451001E-02 +/-  3.878911E-05
1.337500E+03 -1.438451E-02 +/-  3.863583E-05
1.338500E+03 -1.438774E-02 +/-  3.865027E-05
1.339500E+03 -1.425917E-02 +/-  3.833058E-05
1.340500E+03 -1.428537E-02 +/-  3.824797E-05
1.341500E+03 -1.415253E-02 +/-  3.805069E-05
1.342500E+03 -1.405302E-02 +/-  3.797516E-05
1.343500E+03 -1.398705E-02 +/-  3.788434E-05
1.344500E+03 -1.395513E-02 +/-  3.777160E-05
1.345500E+03 -1.385650E-02 +/-  3.753854E-05
1.346500E+03 -1.382172E-02 +/-  3.737911E-05
1.347500E+03 -1.376710E-02 +/-  3.727530E-05
1.348500E+03 -1.368998E-02 +/-  3.727356E-05
1.349500E+03 -1.357532E-02 +/-  3.704498E-05
1.350500E+03 -1.356292E-02 +/-  3.696891E-05
1.351500E+03 -1.348590E-02 +/-  3.676437E-05
1.352500E+03 -1.338995E-02 +/-  3.656289E-05
1.353500E+03 -1.333231E-02 +/-  3.641821E-05
1.354500E+03 -1.331067E-02 +/-  3.647715E-05
1.355500E+03 -1.326017E-02 +/-  3.646732E-05
1.356500E+03 -1.314815E-02 +/-  3.616242E-05
1.357500E+03 -1.305657E-02 +/-  3.594761E-05
1.358500E+03 -1.307251E-02 +/-  3.588852E-05
1.359500E+03 -1.300014E-02 +/-  3.578452E-05
1.360500E+03 -1.285052E-02 +/-  3.555776E-05
1.361500E+03 -1.287607E-02 +/-  3.566230E-05
1.362500E+03 -1.277225E-02 +/-  3.543177E-05
1.363500E+03 -1.273745E-02 +/-  3.533632E-05
1.364500E+03 -1.264369E-02 +/-  3.508140E-05
1.365500E+03 -1.263146E-02 +/-  3.501437E-05
1.366500E+03 -1.251909E-02 +/-  3.487705E-05
1.367500E+03 -1.249153E-02 +/-  3.487228E-05
1.368500E+03 -1.242936E-02 +/-  3.479532E-05
1.369500E+03 -1.237119E-02 +/-  3.460244E-05
1.370500E+03 -1.235403E-02 +/-  3.447928E-05
1.371500E+03 -1.219560E-02 +/-  3.417379E-05
1.372500E+03 -1.221133E-02 +/-  3.419661E-05
1.373500E+03 -1.213447E-02 +/-  3.413827E-05
1.374500E+03 -1.206706E-02 +/-  3.404780E-05
1.375500E+03 -1.205293E-02 +/-  3.397497E-05
1.376500E+03 -1.195761E-02 +/-  3.374830E-05
1.377500E+03 -1.189062E-02 +/-  3.360668E-05
1.378500E+03 -1.184327E-02 +/-  3.341384E-05
1.379500E+03 -1.181805E-02 +/-  3.338893E-05
1.380500E+03 -1.174958E-02 +/-  3.341071E-05
1.381500E+03 -1.166376E-02 +/-  3.322351E-05
1.382500E+03 -1.164934E-02 +/-  3.317166E-05
1.383500E+03 -1.156740E-02 +/-  3.295359E-05
1.384500E+03 -1.147753E-02 +/-  3.274011E-05
1.385500E+03 -1.149439E-02 +/-  3.269086E-05
1.386500E+03 -1.141172E-02 +/-  3.260310E-05
1.387500E+03 -1.134581E-02 +/-  3.256725E-05
1.388500E+03 -1.134311E-02 +/-  3.253808E-05
1.389500E+03 -1.123579E-02 +/-  3.234835E-05
1.390500E+03 -1.118173E-02 +/-  3.216018E-05
1.391500E+03 -1.116029E-02 +/-  3.206450E-05
1.392500E+03 -1.106893E-02 +/-  3.183218E-05
1.393500E+03 -1.105864E-02 +/-  3.188648E-05
1.394500E+03 -1.098724E-02 +/-  3.182086E-05
1.395500E+03 -1.096881E-02 +/-  3.175051E-05
1.396500E+03 -1.086289E-02 +/-  3.158359E-05
1.397500E+03 -1.081795E-02 +/-  3.142190E-05
1.398500E+03 -1.077084E-02 +/-  3.130707E-05
1.399500E+03 -1.076009E-02 +/-  3.117021E-05
1.400500E+03 -1.067832E-02 +/-  3.112459E-05
1.401500E+03 -1.064542E-02 +/-  3.103947E-05
1.402500E+03 -1.059413E-02 +/-  3.098610E-05
1.403500E+03 -1.054637E-02 +/-  3.091571E-05
1.404500E+03 -1.045789E-02 +/-  3.072714E-05
1.405500E+03 -1.044331E-02 +/-  3.062380E-05
1.406500E+03 -1.041366E-02 +/-  3.051460E-05
1.407500E+03 -1.033525E-02 +/-  3.037713E-05
1.408500E+03 -1.025653E-02 +/-  3.025346E-05
1.409500E+03 -1.023215E-02 +/-  3.021936E-05
1.410500E+03 -1.017364E-02 +/-  3.013330E-05
1.411500E+03 -1.021449E-02 +/-  3.020091E-05
1.412500E+03 -1.008750E-02 +/-  2.994221E-05
1.413500E+03 -1.004188E-02 +/-  2.978975E-05
1.414500E+03 -1.001636E-02 +/-  2.972166E-05
1.415500E+03 -9.957110E-03 +/-  2.961873E-05
1.416500E+03 -9.922847E-03 +/-  2.954438E-05
1.417500E+03 -9.876361E-03 +/-  2.943752E-05
1.418500E+03 -9.831160E-03 +/-  2.938962E-05
1.419500E+03 -9.779804E-03 +/-  2.930751E-05
1.420500E+03 -9.728815E-03 +/-  2.920581E-05
1.421500E+03 -9.679961E-03 +/-  2.903050E-05
1.422500E+03 -9.672248E-03 +/-  2.899776E-05
1.423500E+03 -9.564186E-03 +/-  2.881341E-05
1.424500E+03 -9.545302E-03 +/-  2.874015E-05
1.425500E+03 -9.519001E-03 +/-  2.863957E-05
1.426500E+03 -9.480478E-03 +/-  2.863338E-05
1.427500E+03 -9.410222E-03 +/-  2.852156E-05
1.428500E+03 -9.374104E-03 +/-  2.843441E-05
1.429500E+03 -9.366783E-03 +/-  2.839410E-05
1.430500E+03 -9.292612E-03 +/-  2.821396E-05
1.431500E+03 -9.246137E-03 +/-  2.809102E-05
1.432500E+03 -9.191274E-03 +/-  2.802196E-05
1.433500E+03 -9.190347E-03 +/-  2.792864E-05
1.434500E+03 -9.097713E-03 +/-  2.776601E-05
1.435500E+03 -9.080541E-03 +/-  2.774465E-05
1.436500E+03 -9.056148E-03 +/-  2.778908E-05
1.437500E+03 -9.014850E-03 +/-  2.768963E-05
1.438500E+03 -8.939411E-03 +/-  2.750580E-05
1.439500E+03 -8.929262E-03 +/-  2.740932E-05
1.440500E+03 -8.884606E-03 +/-  2.734401E-05
1.441500E+03 -8.838251E-03 +/-  2.724204E-05
1.442500E+03 -8.780440E-03 +/-  2.706685E-05
1.443500E+03 -8.759073E-03 +/-  2.701903E-05
1.444500E+03 -8.703225E-03 +/-  2.696714E-05
1.445500E+03 -8.688656E-03 +/-  2.701380E-05
1.446500E+03 -8.648438E-03 +/-  2.689232E-05
1.447500E+03 -8.570979E-03 +/-  2.668518E-05
1.448500E+03 -8.540890E-03 +/-  2.658445E-05
1.449500E+03 -8.547646E-03 +/-  2.661184E-05
1.450500E+03 -8.462742E-03 +/-  2.641987E-05
1.451500E+03 -8.454287E-03 +/-  2.632997E-05
1.452500E+03 -8.388566E-03 +/-  2.621685E-05
1.453500E+03 -8.358032E-03 +/-  2.622513E-05
1.454500E+03 -8.322820E-03 +/-  2.616872E-05
1.455500E+03 -8.291926E-03 +/-  2.612159E-05
1.456500E+03 -8.238674E-03 +/-  2.595686E-05
1.457500E+03 -8.230148E-03 +/-  2.588660E-05
1.458500E+03 -8.187395E-03 +/-  2.585210E-05
1.459500E+03 -8.122982E-03 +/-  2.567952E-05
1.460500E+03 -8.100738E-03 +/-  2.562940E-05
1.461500E+03 -8.053769E-03 +/-  2.549755E-05
1.462500E+03 -8.042974E-03 +/-  2.541117E-05
1.463500E+03 -7.976530E-03 +/-  2.538363E-05
1.464500E+03 -7.914351E-03 +/-  2.531999E-05
1.465500E+03 -7.936846E-03 +/-  2.530731E-05
1.466500E+03 -7.955139E-03 +/-  2.527115E-05
1.467500E+03 -7.829311E-03 +/-  2.505760E-05
1.468500E+03 -7.798188E-03 +/-  2.503785E-05
1.469500E+03 -7.770537E-03 +/-  2.492796E-05
1.470500E+03 -7.777871E-03 +/-  2.488409E-05
1.471500E+03 -7.679908E-03 +/-  2.465221E-05
1.472500E+03 -7.646475E-03 +/-  2.454597E-05
1.473500E+03 -7.664786E-03 +/-  2.459671E-05
1.474500E+03 -7.589096E-03 +/-  2.456614E-05
1.475500E+03 -7.586300E-03 +/-  2.453428E-05
1.476500E+03 -7.523512E-03 +/-  2.439337E-05
1.477500E+03 -7.484626E-03 +/-  2.438523E-05
1.478500E+03 -7.481292E-03 +/-  2.433478E-05
1.479500E+03 -7.455510E-03 +/-  2.423696E-05
1.480500E+03 -7.406015E-03 +/-  2.409043E-05
1.481500E+03 -7.348621E-03 +/-  2.393292E-05
1.482500E+03 -7.326153E-03 +/-  2.383360E-05
1.483500E+03 -7.277804E-03 +/-  2.369690E-05
1.484500E+03 -7.266698E-03 +/-  2.374389E-05
1.485500E+03 -7.256998E-03 +/-  2.385536E-05
1.486500E+03 -7.219187E-03 +/-  2.373034E-05
1.487500E+03 -7.170378E-03 +/-  2.364556E-05
1.488500E+03 -7.108125E-03 +/-  2.352416E-05
1.489500E+03 -7.129340E-03 +/-  2.350526E-05
1.490500E+03 -7.055404E-03 +/-  2.331791E-05
1.491500E+03 -7.053616E-03 +/-  2.325626E-05
1.492500E+03 -7.044656E-03 +/-  2.317540E-05
1.493500E+03 -6.943115E-03 +/-  2.298198E-05
1.494500E+03 -6.953613E-03 +/-  2.296558E-05
1.495500E+03 -6.933594E-03 +/-  2.295625E-05
1.496500E+03 -6.875859E-03 +/-  2.298634E-05
1.497500E+03 -6.865446E-03 +/-  2.293726E-05
1.498500E+03 -6.851003E-03 +/-  2.295294E-05
1.499500E+03 -6.806689E-03 +/-  2.283414E-05
1.500500E+03 -6.779304E-03 +/-  2.271288E-05
1.501500E+03 -6.686261E-03 +/-  2.250428E-05
1.502500E+03 -6.685464E-03 +/-  2.247409E-05
1.503500E+03 -6.721354E-03 +/-  2.248996E-05
1.504500E+03 -6.649092E-03 +/-  2.230715E-05
1.505500E+03 -6.603289E-03 +/-  2.217047E-05
1.506500E+03 -6.565598E-03 +/-  2.206293E-05
1.507500E+03 -6.554449E-03 +/-  2.205245E-05
1.508500E+03 -6.553046E-03 +/-  2.217648E-05
1.509500E+03 -6.509193E-03 +/-  2.210326E-05
1.510500E+03 -6.476756E-03 +/-  2.199837E-05
1.511500E+03 -6.445248E-03 +/-  2.191216E-05
1.512500E+03 -6.406434E-03 +/-  2.179205E-05
1.513500E+03 -6.381810E-03 +/-  2.169919E-05
1.514500E+03 -6.369460E-03 +/-  2.162172E-05
1.515500E+03 -6.323062E-03 +/-  2.149820E-05
1.516500E+03 -6.304530E-03 +/-  2.139726E-05
1.517500E+03 -6.260554E-03 +/-  2.126909E-05
1.518500E+03 -6.249007E-03 +/-  2.119853E-05
1.519500E+03 -6.225702E-03 +/-  2.111254E-05
