 G,G -> u,U
x-axis: "Mass{p3+p4}"  from 320.000000 to 620.000000 N_bins= 300
Diff. cross section [pb/GeV]
3.205000E+02 -4.450836E+01 +/-  9.736747E-02
3.215000E+02 -4.396818E+01 +/-  9.621325E-02
3.225000E+02 -4.333559E+01 +/-  9.474331E-02
3.235000E+02 -4.260721E+01 +/-  9.329907E-02
3.245000E+02 -4.182610E+01 +/-  9.117526E-02
3.255000E+02 -4.133976E+01 +/-  9.029847E-02
3.265000E+02 -4.061268E+01 +/-  8.869646E-02
3.275000E+02 -4.001702E+01 +/-  8.738587E-02
3.285000E+02 -3.947567E+01 +/-  8.660938E-02
3.295000E+02 -3.890381E+01 +/-  8.567891E-02
3.305000E+02 -3.815674E+01 +/-  8.386302E-02
3.315000E+02 -3.771325E+01 +/-  8.307146E-02
3.325000E+02 -3.713751E+01 +/-  8.184819E-02
3.335000E+02 -3.658141E+01 +/-  8.060151E-02
3.345000E+02 -3.604763E+01 +/-  7.925476E-02
3.355000E+02 -3.548542E+01 +/-  7.818904E-02
3.365000E+02 -3.491733E+01 +/-  7.723269E-02
3.375000E+02 -3.442693E+01 +/-  7.634210E-02
3.385000E+02 -3.395063E+01 +/-  7.578807E-02
3.395000E+02 -3.344903E+01 +/-  7.486843E-02
3.405000E+02 -3.289804E+01 +/-  7.356773E-02
3.415000E+02 -3.241004E+01 +/-  7.245223E-02
3.425000E+02 -3.210820E+01 +/-  7.195574E-02
3.435000E+02 -3.146160E+01 +/-  7.057733E-02
3.445000E+02 -3.106894E+01 +/-  6.973907E-02
3.455000E+02 -3.062628E+01 +/-  6.895086E-02
3.465000E+02 -3.012344E+01 +/-  6.807127E-02
3.475000E+02 -2.976693E+01 +/-  6.778382E-02
3.485000E+02 -2.932540E+01 +/-  6.688095E-02
3.495000E+02 -2.882886E+01 +/-  6.555741E-02
3.505000E+02 -2.853982E+01 +/-  6.472959E-02
3.515000E+02 -2.807372E+01 +/-  6.387690E-02
3.525000E+02 -2.760728E+01 +/-  6.342463E-02
3.535000E+02 -2.724154E+01 +/-  6.256221E-02
3.545000E+02 -2.689301E+01 +/-  6.197053E-02
3.555000E+02 -2.648962E+01 +/-  6.120388E-02
3.565000E+02 -2.615043E+01 +/-  6.045607E-02
3.575000E+02 -2.574870E+01 +/-  5.975904E-02
3.585000E+02 -2.541254E+01 +/-  5.884752E-02
3.595000E+02 -2.502109E+01 +/-  5.826860E-02
3.605000E+02 -2.471527E+01 +/-  5.746406E-02
3.615000E+02 -2.427178E+01 +/-  5.662414E-02
3.625000E+02 -2.398643E+01 +/-  5.625027E-02
3.635000E+02 -2.366614E+01 +/-  5.588462E-02
3.645000E+02 -2.338332E+01 +/-  5.522576E-02
3.655000E+02 -2.297962E+01 +/-  5.432413E-02
3.665000E+02 -2.272959E+01 +/-  5.381852E-02
3.675000E+02 -2.241651E+01 +/-  5.307645E-02
3.685000E+02 -2.201560E+01 +/-  5.213986E-02
3.695000E+02 -2.180944E+01 +/-  5.203821E-02
3.705000E+02 -2.147825E+01 +/-  5.154799E-02
3.715000E+02 -2.124179E+01 +/-  5.110155E-02
3.725000E+02 -2.082416E+01 +/-  5.006313E-02
3.735000E+02 -2.065053E+01 +/-  4.981349E-02
3.745000E+02 -2.027853E+01 +/-  4.907176E-02
3.755000E+02 -2.006337E+01 +/-  4.861370E-02
3.765000E+02 -1.980984E+01 +/-  4.801015E-02
3.775000E+02 -1.951498E+01 +/-  4.742783E-02
3.785000E+02 -1.927407E+01 +/-  4.706890E-02
3.795000E+02 -1.895097E+01 +/-  4.650843E-02
3.805000E+02 -1.877290E+01 +/-  4.602978E-02
3.815000E+02 -1.846648E+01 +/-  4.547712E-02
3.825000E+02 -1.826070E+01 +/-  4.502328E-02
3.835000E+02 -1.806823E+01 +/-  4.495258E-02
3.845000E+02 -1.776190E+01 +/-  4.406962E-02
3.855000E+02 -1.750704E+01 +/-  4.366068E-02
3.865000E+02 -1.733284E+01 +/-  4.311971E-02
3.875000E+02 -1.705039E+01 +/-  4.276044E-02
3.885000E+02 -1.683769E+01 +/-  4.229201E-02
3.895000E+02 -1.665526E+01 +/-  4.178356E-02
3.905000E+02 -1.637982E+01 +/-  4.120990E-02
3.915000E+02 -1.621893E+01 +/-  4.108781E-02
3.925000E+02 -1.598646E+01 +/-  4.077805E-02
3.935000E+02 -1.575305E+01 +/-  4.021787E-02
3.945000E+02 -1.558385E+01 +/-  3.975800E-02
3.955000E+02 -1.536570E+01 +/-  3.945980E-02
3.965000E+02 -1.514136E+01 +/-  3.895868E-02
3.975000E+02 -1.498581E+01 +/-  3.879398E-02
3.985000E+02 -1.477853E+01 +/-  3.810289E-02
3.995000E+02 -1.462128E+01 +/-  3.789996E-02
4.005000E+02 -1.441387E+01 +/-  3.751115E-02
4.015000E+02 -1.423723E+01 +/-  3.704761E-02
4.025000E+02 -1.407720E+01 +/-  3.685357E-02
4.035000E+02 -1.385586E+01 +/-  3.628921E-02
4.045000E+02 -1.367401E+01 +/-  3.596052E-02
4.055000E+02 -1.347760E+01 +/-  3.557285E-02
4.065000E+02 -1.338993E+01 +/-  3.536241E-02
4.075000E+02 -1.318116E+01 +/-  3.498624E-02
4.085000E+02 -1.293602E+01 +/-  3.442909E-02
4.095000E+02 -1.285079E+01 +/-  3.427641E-02
4.105000E+02 -1.272012E+01 +/-  3.402655E-02
4.115000E+02 -1.250660E+01 +/-  3.363141E-02
4.125000E+02 -1.236876E+01 +/-  3.323705E-02
4.135000E+02 -1.226086E+01 +/-  3.304198E-02
4.145000E+02 -1.200933E+01 +/-  3.265098E-02
4.155000E+02 -1.190741E+01 +/-  3.240147E-02
4.165000E+02 -1.176715E+01 +/-  3.208048E-02
4.175000E+02 -1.162523E+01 +/-  3.183498E-02
4.185000E+02 -1.146350E+01 +/-  3.138363E-02
4.195000E+02 -1.131747E+01 +/-  3.120418E-02
4.205000E+02 -1.119648E+01 +/-  3.094386E-02
4.215000E+02 -1.106091E+01 +/-  3.067475E-02
4.225000E+02 -1.093433E+01 +/-  3.039725E-02
4.235000E+02 -1.080192E+01 +/-  3.012899E-02
4.245000E+02 -1.064824E+01 +/-  2.968921E-02
4.255000E+02 -1.051342E+01 +/-  2.953456E-02
4.265000E+02 -1.039391E+01 +/-  2.926392E-02
4.275000E+02 -1.032010E+01 +/-  2.911334E-02
4.285000E+02 -1.012782E+01 +/-  2.868803E-02
4.295000E+02 -1.003074E+01 +/-  2.855920E-02
4.305000E+02 -9.867628E+00 +/-  2.808322E-02
4.315000E+02 -9.812377E+00 +/-  2.792834E-02
4.325000E+02 -9.676043E+00 +/-  2.780650E-02
4.335000E+02 -9.539032E+00 +/-  2.742669E-02
4.345000E+02 -9.433859E+00 +/-  2.728661E-02
4.355000E+02 -9.341023E+00 +/-  2.700990E-02
4.365000E+02 -9.209248E+00 +/-  2.677548E-02
4.375000E+02 -9.081279E+00 +/-  2.642207E-02
4.385000E+02 -8.992290E+00 +/-  2.619515E-02
4.395000E+02 -8.918767E+00 +/-  2.617797E-02
4.405000E+02 -8.763858E+00 +/-  2.576701E-02
4.415000E+02 -8.705007E+00 +/-  2.570789E-02
4.425000E+02 -8.554184E+00 +/-  2.531024E-02
4.435000E+02 -8.487180E+00 +/-  2.527976E-02
4.445000E+02 -8.385261E+00 +/-  2.493018E-02
4.455000E+02 -8.296369E+00 +/-  2.473606E-02
4.465000E+02 -8.166973E+00 +/-  2.449121E-02
4.475000E+02 -8.091054E+00 +/-  2.437048E-02
4.485000E+02 -7.957007E+00 +/-  2.408962E-02
4.495000E+02 -7.915367E+00 +/-  2.397164E-02
4.505000E+02 -7.828884E+00 +/-  2.370168E-02
4.515000E+02 -7.740828E+00 +/-  2.364219E-02
4.525000E+02 -7.627132E+00 +/-  2.335551E-02
4.535000E+02 -7.507570E+00 +/-  2.307165E-02
4.545000E+02 -7.454611E+00 +/-  2.282658E-02
4.555000E+02 -7.401189E+00 +/-  2.284431E-02
4.565000E+02 -7.274542E+00 +/-  2.255646E-02
4.575000E+02 -7.206944E+00 +/-  2.244126E-02
4.585000E+02 -7.100875E+00 +/-  2.211900E-02
4.595000E+02 -7.022094E+00 +/-  2.194503E-02
4.605000E+02 -6.967151E+00 +/-  2.197486E-02
4.615000E+02 -6.888087E+00 +/-  2.170559E-02
4.625000E+02 -6.820601E+00 +/-  2.144458E-02
4.635000E+02 -6.709469E+00 +/-  2.111640E-02
4.645000E+02 -6.652425E+00 +/-  2.108565E-02
4.655000E+02 -6.544609E+00 +/-  2.093929E-02
4.665000E+02 -6.516770E+00 +/-  2.086993E-02
4.675000E+02 -6.442716E+00 +/-  2.062132E-02
4.685000E+02 -6.376243E+00 +/-  2.046876E-02
4.695000E+02 -6.283057E+00 +/-  2.037062E-02
4.705000E+02 -6.177783E+00 +/-  2.013364E-02
4.715000E+02 -6.170198E+00 +/-  1.998788E-02
4.725000E+02 -6.031581E+00 +/-  1.962102E-02
4.735000E+02 -6.002349E+00 +/-  1.945391E-02
4.745000E+02 -5.934424E+00 +/-  1.929291E-02
4.755000E+02 -5.898156E+00 +/-  1.954306E-02
4.765000E+02 -5.815841E+00 +/-  1.938513E-02
4.775000E+02 -5.761844E+00 +/-  1.917382E-02
4.785000E+02 -5.679427E+00 +/-  1.891036E-02
4.795000E+02 -5.615577E+00 +/-  1.869440E-02
4.805000E+02 -5.561305E+00 +/-  1.874899E-02
4.815000E+02 -5.498303E+00 +/-  1.853630E-02
4.825000E+02 -5.425413E+00 +/-  1.827577E-02
4.835000E+02 -5.386454E+00 +/-  1.809306E-02
4.845000E+02 -5.309828E+00 +/-  1.789994E-02
4.855000E+02 -5.245115E+00 +/-  1.777019E-02
4.865000E+02 -5.210369E+00 +/-  1.788510E-02
4.875000E+02 -5.160652E+00 +/-  1.784614E-02
4.885000E+02 -5.052629E+00 +/-  1.753582E-02
4.895000E+02 -5.050447E+00 +/-  1.742729E-02
4.905000E+02 -4.998037E+00 +/-  1.722365E-02
4.915000E+02 -4.921021E+00 +/-  1.696900E-02
4.925000E+02 -4.862109E+00 +/-  1.703698E-02
4.935000E+02 -4.829344E+00 +/-  1.695998E-02
4.945000E+02 -4.777987E+00 +/-  1.675372E-02
4.955000E+02 -4.734187E+00 +/-  1.658007E-02
4.965000E+02 -4.668268E+00 +/-  1.635745E-02
4.975000E+02 -4.585048E+00 +/-  1.626264E-02
4.985000E+02 -4.582760E+00 +/-  1.618792E-02
4.995000E+02 -4.519449E+00 +/-  1.601685E-02
5.005000E+02 -4.480412E+00 +/-  1.614546E-02
5.015000E+02 -4.418575E+00 +/-  1.592891E-02
5.025000E+02 -4.408648E+00 +/-  1.586535E-02
5.035000E+02 -4.315109E+00 +/-  1.558726E-02
5.045000E+02 -4.289061E+00 +/-  1.544841E-02
5.055000E+02 -4.235472E+00 +/-  1.536417E-02
5.065000E+02 -4.208578E+00 +/-  1.540616E-02
5.075000E+02 -4.138653E+00 +/-  1.519189E-02
5.085000E+02 -4.130615E+00 +/-  1.507592E-02
5.095000E+02 -4.062513E+00 +/-  1.493589E-02
5.105000E+02 -4.033287E+00 +/-  1.490876E-02
5.115000E+02 -3.974894E+00 +/-  1.474614E-02
5.125000E+02 -3.922534E+00 +/-  1.458210E-02
5.135000E+02 -3.906517E+00 +/-  1.444530E-02
5.145000E+02 -3.874845E+00 +/-  1.430714E-02
5.155000E+02 -3.818744E+00 +/-  1.435203E-02
5.165000E+02 -3.771192E+00 +/-  1.429822E-02
5.175000E+02 -3.737656E+00 +/-  1.415084E-02
5.185000E+02 -3.716722E+00 +/-  1.402921E-02
5.195000E+02 -3.646620E+00 +/-  1.379494E-02
5.205000E+02 -3.628597E+00 +/-  1.368649E-02
5.215000E+02 -3.599730E+00 +/-  1.383241E-02
5.225000E+02 -3.558877E+00 +/-  1.374524E-02
5.235000E+02 -3.530379E+00 +/-  1.371363E-02
5.245000E+02 -3.490422E+00 +/-  1.363087E-02
5.255000E+02 -3.424420E+00 +/-  1.341559E-02
5.265000E+02 -3.407446E+00 +/-  1.329720E-02
5.275000E+02 -3.355914E+00 +/-  1.312203E-02
5.285000E+02 -3.362797E+00 +/-  1.305641E-02
5.295000E+02 -3.286179E+00 +/-  1.283250E-02
5.305000E+02 -3.286496E+00 +/-  1.275430E-02
5.315000E+02 -3.249165E+00 +/-  1.266086E-02
5.325000E+02 -3.204519E+00 +/-  1.248305E-02
5.335000E+02 -3.189238E+00 +/-  1.253352E-02
5.345000E+02 -3.118200E+00 +/-  1.257454E-02
5.355000E+02 -3.109583E+00 +/-  1.247855E-02
5.365000E+02 -3.106354E+00 +/-  1.242702E-02
5.375000E+02 -3.035780E+00 +/-  1.219383E-02
5.385000E+02 -3.016065E+00 +/-  1.212087E-02
5.395000E+02 -3.000333E+00 +/-  1.238618E-02
5.405000E+02 -2.962334E+00 +/-  1.237663E-02
5.415000E+02 -2.938385E+00 +/-  1.228463E-02
5.425000E+02 -2.883625E+00 +/-  1.210129E-02
5.435000E+02 -2.896611E+00 +/-  1.204649E-02
5.445000E+02 -2.831411E+00 +/-  1.184459E-02
5.455000E+02 -2.812192E+00 +/-  1.173359E-02
5.465000E+02 -2.795438E+00 +/-  1.164323E-02
5.475000E+02 -2.759850E+00 +/-  1.148814E-02
5.485000E+02 -2.726440E+00 +/-  1.134212E-02
5.495000E+02 -2.693256E+00 +/-  1.120127E-02
5.505000E+02 -2.703900E+00 +/-  1.118241E-02
5.515000E+02 -2.644124E+00 +/-  1.101134E-02
5.525000E+02 -2.642094E+00 +/-  1.095554E-02
5.535000E+02 -2.603464E+00 +/-  1.081949E-02
5.545000E+02 -2.572295E+00 +/-  1.068226E-02
5.555000E+02 -2.571051E+00 +/-  1.063712E-02
5.565000E+02 -2.522903E+00 +/-  1.098149E-02
5.575000E+02 -2.498938E+00 +/-  1.094317E-02
5.585000E+02 -2.474324E+00 +/-  1.081719E-02
5.595000E+02 -2.458798E+00 +/-  1.070590E-02
5.605000E+02 -2.425038E+00 +/-  1.058672E-02
5.615000E+02 -2.406136E+00 +/-  1.064591E-02
5.625000E+02 -2.393468E+00 +/-  1.075943E-02
5.635000E+02 -2.367632E+00 +/-  1.062715E-02
5.645000E+02 -2.333947E+00 +/-  1.049905E-02
5.655000E+02 -2.317389E+00 +/-  1.039919E-02
5.665000E+02 -2.289539E+00 +/-  1.027308E-02
5.675000E+02 -2.263946E+00 +/-  1.015832E-02
5.685000E+02 -2.260795E+00 +/-  1.009937E-02
5.695000E+02 -2.244094E+00 +/-  1.001382E-02
5.705000E+02 -2.198241E+00 +/-  9.833077E-03
5.715000E+02 -2.204779E+00 +/-  9.812728E-03
5.725000E+02 -2.176902E+00 +/-  9.692021E-03
5.735000E+02 -2.135376E+00 +/-  9.551868E-03
5.745000E+02 -2.102057E+00 +/-  9.442260E-03
5.755000E+02 -2.090156E+00 +/-  9.500818E-03
5.765000E+02 -2.094445E+00 +/-  9.472938E-03
5.775000E+02 -2.071570E+00 +/-  9.374406E-03
5.785000E+02 -2.047548E+00 +/-  9.244753E-03
5.795000E+02 -2.029212E+00 +/-  9.161370E-03
5.805000E+02 -2.033037E+00 +/-  9.137888E-03
5.815000E+02 -1.993487E+00 +/-  8.983784E-03
5.825000E+02 -1.962166E+00 +/-  8.867656E-03
5.835000E+02 -1.947935E+00 +/-  8.771087E-03
5.845000E+02 -1.954864E+00 +/-  8.944791E-03
5.855000E+02 -1.897640E+00 +/-  8.962993E-03
5.865000E+02 -1.888413E+00 +/-  8.891339E-03
5.875000E+02 -1.881447E+00 +/-  8.849457E-03
5.885000E+02 -1.870208E+00 +/-  9.027189E-03
5.895000E+02 -1.846072E+00 +/-  8.934672E-03
5.905000E+02 -1.818168E+00 +/-  8.821636E-03
5.915000E+02 -1.800656E+00 +/-  8.718680E-03
5.925000E+02 -1.796389E+00 +/-  8.682935E-03
5.935000E+02 -1.777869E+00 +/-  8.565033E-03
5.945000E+02 -1.759490E+00 +/-  8.498351E-03
5.955000E+02 -1.736885E+00 +/-  8.391687E-03
5.965000E+02 -1.730937E+00 +/-  8.455592E-03
5.975000E+02 -1.723744E+00 +/-  8.416738E-03
5.985000E+02 -1.714210E+00 +/-  8.368762E-03
5.995000E+02 -1.681146E+00 +/-  8.223115E-03
6.005000E+02 -1.669793E+00 +/-  8.139765E-03
6.015000E+02 -1.652984E+00 +/-  8.059101E-03
6.025000E+02 -1.634711E+00 +/-  7.971719E-03
6.035000E+02 -1.615012E+00 +/-  7.893044E-03
6.045000E+02 -1.607131E+00 +/-  7.815430E-03
6.055000E+02 -1.593085E+00 +/-  7.757937E-03
6.065000E+02 -1.586108E+00 +/-  7.700462E-03
6.075000E+02 -1.571679E+00 +/-  7.625308E-03
6.085000E+02 -1.557330E+00 +/-  7.553394E-03
6.095000E+02 -1.536684E+00 +/-  7.464998E-03
6.105000E+02 -1.525940E+00 +/-  7.409849E-03
6.115000E+02 -1.514853E+00 +/-  7.333160E-03
6.125000E+02 -1.493542E+00 +/-  7.236333E-03
6.135000E+02 -1.484920E+00 +/-  7.181102E-03
6.145000E+02 -1.470385E+00 +/-  7.105626E-03
6.155000E+02 -1.457227E+00 +/-  7.034909E-03
6.165000E+02 -1.443378E+00 +/-  6.977071E-03
6.175000E+02 -1.429741E+00 +/-  6.897440E-03
6.185000E+02 -1.415442E+00 +/-  6.829279E-03
6.195000E+02 -1.405795E+00 +/-  6.779402E-03
