 G,G -> u,U
x-axis: "Mass{p3+p4}"  from 920.000000 to 1220.000000 N_bins= 300
Diff. cross section [pb/GeV]
9.205000E+02 -1.457088E-01 +/-  3.328818E-04
9.215000E+02 -1.452216E-01 +/-  3.315174E-04
9.225000E+02 -1.438200E-01 +/-  3.284054E-04
9.235000E+02 -1.435106E-01 +/-  3.269763E-04
9.245000E+02 -1.420003E-01 +/-  3.244175E-04
9.255000E+02 -1.413454E-01 +/-  3.227101E-04
9.265000E+02 -1.402858E-01 +/-  3.210946E-04
9.275000E+02 -1.395809E-01 +/-  3.199655E-04
9.285000E+02 -1.385282E-01 +/-  3.180455E-04
9.295000E+02 -1.376873E-01 +/-  3.162518E-04
9.305000E+02 -1.367651E-01 +/-  3.140518E-04
9.315000E+02 -1.360351E-01 +/-  3.127243E-04
9.325000E+02 -1.349338E-01 +/-  3.108682E-04
9.335000E+02 -1.345574E-01 +/-  3.092548E-04
9.345000E+02 -1.331818E-01 +/-  3.074961E-04
9.355000E+02 -1.325041E-01 +/-  3.072939E-04
9.365000E+02 -1.317132E-01 +/-  3.058874E-04
9.375000E+02 -1.310272E-01 +/-  3.038373E-04
9.385000E+02 -1.301085E-01 +/-  3.022766E-04
9.395000E+02 -1.292352E-01 +/-  3.000033E-04
9.405000E+02 -1.280300E-01 +/-  2.973226E-04
9.415000E+02 -1.277692E-01 +/-  2.979538E-04
9.425000E+02 -1.268812E-01 +/-  2.965104E-04
9.435000E+02 -1.257412E-01 +/-  2.939813E-04
9.445000E+02 -1.252868E-01 +/-  2.937772E-04
9.455000E+02 -1.241454E-01 +/-  2.914547E-04
9.465000E+02 -1.238062E-01 +/-  2.906039E-04
9.475000E+02 -1.228102E-01 +/-  2.889637E-04
9.485000E+02 -1.221344E-01 +/-  2.872940E-04
9.495000E+02 -1.212716E-01 +/-  2.861828E-04
9.505000E+02 -1.205423E-01 +/-  2.842971E-04
9.515000E+02 -1.197990E-01 +/-  2.833690E-04
9.525000E+02 -1.190678E-01 +/-  2.819035E-04
9.535000E+02 -1.183606E-01 +/-  2.803371E-04
9.545000E+02 -1.172328E-01 +/-  2.789605E-04
9.555000E+02 -1.168015E-01 +/-  2.780138E-04
9.565000E+02 -1.161500E-01 +/-  2.761528E-04
9.575000E+02 -1.154247E-01 +/-  2.752795E-04
9.585000E+02 -1.145840E-01 +/-  2.736453E-04
9.595000E+02 -1.139112E-01 +/-  2.722332E-04
9.605000E+02 -1.131032E-01 +/-  2.706269E-04
9.615000E+02 -1.127182E-01 +/-  2.700816E-04
9.625000E+02 -1.118016E-01 +/-  2.684146E-04
9.635000E+02 -1.111027E-01 +/-  2.674100E-04
9.645000E+02 -1.103543E-01 +/-  2.657196E-04
9.655000E+02 -1.096011E-01 +/-  2.646513E-04
9.665000E+02 -1.093255E-01 +/-  2.642787E-04
9.675000E+02 -1.083200E-01 +/-  2.618566E-04
9.685000E+02 -1.076788E-01 +/-  2.607528E-04
9.695000E+02 -1.070634E-01 +/-  2.596194E-04
9.705000E+02 -1.063490E-01 +/-  2.580673E-04
9.715000E+02 -1.056436E-01 +/-  2.570212E-04
9.725000E+02 -1.051952E-01 +/-  2.560090E-04
9.735000E+02 -1.043909E-01 +/-  2.545296E-04
9.745000E+02 -1.037600E-01 +/-  2.534779E-04
9.755000E+02 -1.030861E-01 +/-  2.521070E-04
9.765000E+02 -1.022655E-01 +/-  2.507998E-04
9.775000E+02 -1.021996E-01 +/-  2.507185E-04
9.785000E+02 -1.014229E-01 +/-  2.489630E-04
9.795000E+02 -1.005953E-01 +/-  2.480531E-04
9.805000E+02 -1.000115E-01 +/-  2.466618E-04
9.815000E+02 -9.933953E-02 +/-  2.454707E-04
9.825000E+02 -9.881540E-02 +/-  2.443143E-04
9.835000E+02 -9.829559E-02 +/-  2.425266E-04
9.845000E+02 -9.750028E-02 +/-  2.422380E-04
9.855000E+02 -9.707003E-02 +/-  2.412787E-04
9.865000E+02 -9.650516E-02 +/-  2.399367E-04
9.875000E+02 -9.568322E-02 +/-  2.378149E-04
9.885000E+02 -9.537458E-02 +/-  2.377468E-04
9.895000E+02 -9.463176E-02 +/-  2.365614E-04
9.905000E+02 -9.412044E-02 +/-  2.355715E-04
9.915000E+02 -9.341108E-02 +/-  2.336779E-04
9.925000E+02 -9.314184E-02 +/-  2.331378E-04
9.935000E+02 -9.244843E-02 +/-  2.326898E-04
9.945000E+02 -9.173588E-02 +/-  2.313418E-04
9.955000E+02 -9.125358E-02 +/-  2.303040E-04
9.965000E+02 -9.063872E-02 +/-  2.285110E-04
9.975000E+02 -9.012189E-02 +/-  2.278404E-04
9.985000E+02 -8.975635E-02 +/-  2.274538E-04
9.995000E+02 -8.920482E-02 +/-  2.265079E-04
1.000500E+03 -8.861033E-02 +/-  2.249565E-04
1.001500E+03 -8.813061E-02 +/-  2.234658E-04
1.002500E+03 -8.753350E-02 +/-  2.230144E-04
1.003500E+03 -8.667967E-02 +/-  2.218287E-04
1.004500E+03 -8.660076E-02 +/-  2.212485E-04
1.005500E+03 -8.583970E-02 +/-  2.193234E-04
1.006500E+03 -8.549892E-02 +/-  2.186804E-04
1.007500E+03 -8.485626E-02 +/-  2.180384E-04
1.008500E+03 -8.464707E-02 +/-  2.174193E-04
1.009500E+03 -8.382086E-02 +/-  2.160223E-04
1.010500E+03 -8.329628E-02 +/-  2.144711E-04
1.011500E+03 -8.291611E-02 +/-  2.140605E-04
1.012500E+03 -8.252133E-02 +/-  2.131886E-04
1.013500E+03 -8.188250E-02 +/-  2.122213E-04
1.014500E+03 -8.134226E-02 +/-  2.111158E-04
1.015500E+03 -8.099127E-02 +/-  2.101019E-04
1.016500E+03 -8.032354E-02 +/-  2.090629E-04
1.017500E+03 -8.016576E-02 +/-  2.089692E-04
1.018500E+03 -7.943843E-02 +/-  2.072452E-04
1.019500E+03 -7.888690E-02 +/-  2.063476E-04
1.020500E+03 -7.858678E-02 +/-  2.055617E-04
1.021500E+03 -7.801193E-02 +/-  2.044734E-04
1.022500E+03 -7.780525E-02 +/-  2.044650E-04
1.023500E+03 -7.716062E-02 +/-  2.030019E-04
1.024500E+03 -7.666488E-02 +/-  2.021255E-04
1.025500E+03 -7.619455E-02 +/-  2.009914E-04
1.026500E+03 -7.563951E-02 +/-  1.998944E-04
1.027500E+03 -7.537489E-02 +/-  1.997247E-04
1.028500E+03 -7.517748E-02 +/-  1.993866E-04
1.029500E+03 -7.446958E-02 +/-  1.979299E-04
1.030500E+03 -7.398335E-02 +/-  1.966327E-04
1.031500E+03 -7.365809E-02 +/-  1.957952E-04
1.032500E+03 -7.315114E-02 +/-  1.952126E-04
1.033500E+03 -7.267470E-02 +/-  1.946329E-04
1.034500E+03 -7.239366E-02 +/-  1.939265E-04
1.035500E+03 -7.176723E-02 +/-  1.923798E-04
1.036500E+03 -7.170272E-02 +/-  1.919808E-04
1.037500E+03 -7.085316E-02 +/-  1.902503E-04
1.038500E+03 -7.071500E-02 +/-  1.905797E-04
1.039500E+03 -7.022962E-02 +/-  1.897641E-04
1.040500E+03 -6.959247E-02 +/-  1.885540E-04
1.041500E+03 -6.936784E-02 +/-  1.875447E-04
1.042500E+03 -6.922916E-02 +/-  1.870328E-04
1.043500E+03 -6.841097E-02 +/-  1.855651E-04
1.044500E+03 -6.832501E-02 +/-  1.859536E-04
1.045500E+03 -6.787584E-02 +/-  1.851214E-04
1.046500E+03 -6.737956E-02 +/-  1.839985E-04
1.047500E+03 -6.699905E-02 +/-  1.828143E-04
1.048500E+03 -6.679526E-02 +/-  1.822783E-04
1.049500E+03 -6.606543E-02 +/-  1.808644E-04
1.050500E+03 -6.577258E-02 +/-  1.807970E-04
1.051500E+03 -6.547587E-02 +/-  1.804265E-04
1.052500E+03 -6.502248E-02 +/-  1.794750E-04
1.053500E+03 -6.475304E-02 +/-  1.783529E-04
1.054500E+03 -6.438192E-02 +/-  1.774858E-04
1.055500E+03 -6.392977E-02 +/-  1.763101E-04
1.056500E+03 -6.360798E-02 +/-  1.764268E-04
1.057500E+03 -6.342319E-02 +/-  1.761481E-04
1.058500E+03 -6.282767E-02 +/-  1.751369E-04
1.059500E+03 -6.244838E-02 +/-  1.738287E-04
1.060500E+03 -6.209574E-02 +/-  1.729678E-04
1.061500E+03 -6.175474E-02 +/-  1.722234E-04
1.062500E+03 -6.138211E-02 +/-  1.715390E-04
1.063500E+03 -6.122007E-02 +/-  1.717062E-04
1.064500E+03 -6.073186E-02 +/-  1.709801E-04
1.065500E+03 -6.040582E-02 +/-  1.698359E-04
1.066500E+03 -5.997432E-02 +/-  1.689539E-04
1.067500E+03 -5.947496E-02 +/-  1.677118E-04
1.068500E+03 -5.954943E-02 +/-  1.675381E-04
1.069500E+03 -5.910501E-02 +/-  1.670896E-04
1.070500E+03 -5.876977E-02 +/-  1.666148E-04
1.071500E+03 -5.832905E-02 +/-  1.661370E-04
1.072500E+03 -5.790145E-02 +/-  1.648014E-04
1.073500E+03 -5.772624E-02 +/-  1.641368E-04
1.074500E+03 -5.742395E-02 +/-  1.635775E-04
1.075500E+03 -5.692877E-02 +/-  1.621411E-04
1.076500E+03 -5.660231E-02 +/-  1.622727E-04
1.077500E+03 -5.625362E-02 +/-  1.616119E-04
1.078500E+03 -5.622893E-02 +/-  1.616496E-04
1.079500E+03 -5.571067E-02 +/-  1.604204E-04
1.080500E+03 -5.540576E-02 +/-  1.596113E-04
1.081500E+03 -5.519582E-02 +/-  1.590137E-04
1.082500E+03 -5.471062E-02 +/-  1.578259E-04
1.083500E+03 -5.454548E-02 +/-  1.575593E-04
1.084500E+03 -5.408566E-02 +/-  1.571235E-04
1.085500E+03 -5.382555E-02 +/-  1.568736E-04
1.086500E+03 -5.371537E-02 +/-  1.563085E-04
1.087500E+03 -5.305330E-02 +/-  1.549673E-04
1.088500E+03 -5.312647E-02 +/-  1.548306E-04
1.089500E+03 -5.287046E-02 +/-  1.538572E-04
1.090500E+03 -5.208896E-02 +/-  1.522453E-04
1.091500E+03 -5.209399E-02 +/-  1.530106E-04
1.092500E+03 -5.173547E-02 +/-  1.522275E-04
1.093500E+03 -5.156236E-02 +/-  1.520048E-04
1.094500E+03 -5.113416E-02 +/-  1.509350E-04
1.095500E+03 -5.084515E-02 +/-  1.504055E-04
1.096500E+03 -5.064345E-02 +/-  1.495504E-04
1.097500E+03 -5.038689E-02 +/-  1.486617E-04
1.098500E+03 -5.003594E-02 +/-  1.478835E-04
1.099500E+03 -4.966145E-02 +/-  1.479715E-04
1.100500E+03 -4.957447E-02 +/-  1.475247E-04
1.101500E+03 -4.926266E-02 +/-  1.471456E-04
1.102500E+03 -4.896703E-02 +/-  1.465727E-04
1.103500E+03 -4.887644E-02 +/-  1.460600E-04
1.104500E+03 -4.821895E-02 +/-  1.444194E-04
1.105500E+03 -4.819116E-02 +/-  1.439737E-04
1.106500E+03 -4.792241E-02 +/-  1.432555E-04
1.107500E+03 -4.753750E-02 +/-  1.432531E-04
1.108500E+03 -4.712557E-02 +/-  1.423982E-04
1.109500E+03 -4.721981E-02 +/-  1.430468E-04
1.110500E+03 -4.675979E-02 +/-  1.420468E-04
1.111500E+03 -4.654055E-02 +/-  1.412999E-04
1.112500E+03 -4.642286E-02 +/-  1.406001E-04
1.113500E+03 -4.605845E-02 +/-  1.396029E-04
1.114500E+03 -4.558027E-02 +/-  1.383848E-04
1.115500E+03 -4.568755E-02 +/-  1.388559E-04
1.116500E+03 -4.513143E-02 +/-  1.383167E-04
1.117500E+03 -4.515828E-02 +/-  1.383245E-04
1.118500E+03 -4.470960E-02 +/-  1.377875E-04
1.119500E+03 -4.430716E-02 +/-  1.366941E-04
1.120500E+03 -4.423038E-02 +/-  1.361529E-04
1.121500E+03 -4.413853E-02 +/-  1.355571E-04
1.122500E+03 -4.387186E-02 +/-  1.347500E-04
1.123500E+03 -4.357579E-02 +/-  1.341162E-04
1.124500E+03 -4.322109E-02 +/-  1.336650E-04
1.125500E+03 -4.322411E-02 +/-  1.341529E-04
1.126500E+03 -4.276871E-02 +/-  1.331262E-04
1.127500E+03 -4.259419E-02 +/-  1.330627E-04
1.128500E+03 -4.248203E-02 +/-  1.324925E-04
1.129500E+03 -4.194897E-02 +/-  1.312581E-04
1.130500E+03 -4.199597E-02 +/-  1.308807E-04
1.131500E+03 -4.145214E-02 +/-  1.296089E-04
1.132500E+03 -4.161454E-02 +/-  1.300586E-04
1.133500E+03 -4.120527E-02 +/-  1.294334E-04
1.134500E+03 -4.089334E-02 +/-  1.288522E-04
1.135500E+03 -4.077551E-02 +/-  1.288433E-04
1.136500E+03 -4.066204E-02 +/-  1.286877E-04
1.137500E+03 -4.018491E-02 +/-  1.278103E-04
1.138500E+03 -4.012438E-02 +/-  1.273634E-04
1.139500E+03 -3.988120E-02 +/-  1.265493E-04
1.140500E+03 -3.968229E-02 +/-  1.260484E-04
1.141500E+03 -3.941449E-02 +/-  1.253699E-04
1.142500E+03 -3.922179E-02 +/-  1.251819E-04
1.143500E+03 -3.906149E-02 +/-  1.246077E-04
1.144500E+03 -3.890249E-02 +/-  1.240577E-04
1.145500E+03 -3.856364E-02 +/-  1.238367E-04
1.146500E+03 -3.844661E-02 +/-  1.236175E-04
1.147500E+03 -3.804051E-02 +/-  1.229435E-04
1.148500E+03 -3.787696E-02 +/-  1.224731E-04
1.149500E+03 -3.791648E-02 +/-  1.223205E-04
1.150500E+03 -3.767877E-02 +/-  1.215084E-04
1.151500E+03 -3.737706E-02 +/-  1.209235E-04
1.152500E+03 -3.708517E-02 +/-  1.203616E-04
1.153500E+03 -3.686237E-02 +/-  1.196711E-04
1.154500E+03 -3.676738E-02 +/-  1.191791E-04
1.155500E+03 -3.662384E-02 +/-  1.190227E-04
1.156500E+03 -3.637196E-02 +/-  1.187244E-04
1.157500E+03 -3.611674E-02 +/-  1.188461E-04
1.158500E+03 -3.585803E-02 +/-  1.181432E-04
1.159500E+03 -3.583979E-02 +/-  1.177351E-04
1.160500E+03 -3.557612E-02 +/-  1.169067E-04
1.161500E+03 -3.543256E-02 +/-  1.164100E-04
1.162500E+03 -3.512879E-02 +/-  1.160562E-04
1.163500E+03 -3.511862E-02 +/-  1.156951E-04
1.164500E+03 -3.490001E-02 +/-  1.149405E-04
1.165500E+03 -3.457468E-02 +/-  1.142397E-04
1.166500E+03 -3.437967E-02 +/-  1.139322E-04
1.167500E+03 -3.424486E-02 +/-  1.139735E-04
1.168500E+03 -3.410829E-02 +/-  1.140963E-04
1.169500E+03 -3.403335E-02 +/-  1.137475E-04
1.170500E+03 -3.378395E-02 +/-  1.129476E-04
1.171500E+03 -3.352908E-02 +/-  1.121331E-04
1.172500E+03 -3.344465E-02 +/-  1.120302E-04
1.173500E+03 -3.312160E-02 +/-  1.114335E-04
1.174500E+03 -3.293441E-02 +/-  1.109772E-04
1.175500E+03 -3.279822E-02 +/-  1.104269E-04
1.176500E+03 -3.283254E-02 +/-  1.101325E-04
1.177500E+03 -3.243462E-02 +/-  1.091321E-04
1.178500E+03 -3.227540E-02 +/-  1.087404E-04
1.179500E+03 -3.225330E-02 +/-  1.090992E-04
1.180500E+03 -3.190137E-02 +/-  1.090519E-04
1.181500E+03 -3.182668E-02 +/-  1.085529E-04
1.182500E+03 -3.166609E-02 +/-  1.080132E-04
1.183500E+03 -3.145606E-02 +/-  1.079380E-04
1.184500E+03 -3.130425E-02 +/-  1.076499E-04
1.185500E+03 -3.109447E-02 +/-  1.069285E-04
1.186500E+03 -3.093454E-02 +/-  1.063338E-04
1.187500E+03 -3.089995E-02 +/-  1.059840E-04
1.188500E+03 -3.045297E-02 +/-  1.048742E-04
1.189500E+03 -3.056303E-02 +/-  1.047672E-04
1.190500E+03 -3.040783E-02 +/-  1.041753E-04
1.191500E+03 -3.012174E-02 +/-  1.037669E-04
1.192500E+03 -2.988721E-02 +/-  1.041927E-04
1.193500E+03 -2.993785E-02 +/-  1.044650E-04
1.194500E+03 -2.973176E-02 +/-  1.038275E-04
1.195500E+03 -2.944202E-02 +/-  1.034264E-04
1.196500E+03 -2.938118E-02 +/-  1.031810E-04
1.197500E+03 -2.932020E-02 +/-  1.027251E-04
1.198500E+03 -2.912594E-02 +/-  1.021210E-04
1.199500E+03 -2.890514E-02 +/-  1.013402E-04
1.200500E+03 -2.874992E-02 +/-  1.007593E-04
1.201500E+03 -2.868721E-02 +/-  1.006011E-04
1.202500E+03 -2.840688E-02 +/-  9.973496E-05
1.203500E+03 -2.842119E-02 +/-  9.954537E-05
1.204500E+03 -2.815099E-02 +/-  9.880429E-05
1.205500E+03 -2.796811E-02 +/-  9.857992E-05
1.206500E+03 -2.793309E-02 +/-  9.930726E-05
1.207500E+03 -2.769589E-02 +/-  9.883885E-05
1.208500E+03 -2.763664E-02 +/-  9.864738E-05
1.209500E+03 -2.743954E-02 +/-  9.794561E-05
1.210500E+03 -2.727855E-02 +/-  9.753279E-05
1.211500E+03 -2.720099E-02 +/-  9.711301E-05
1.212500E+03 -2.709323E-02 +/-  9.665181E-05
1.213500E+03 -2.678554E-02 +/-  9.584141E-05
1.214500E+03 -2.669281E-02 +/-  9.531341E-05
1.215500E+03 -2.672259E-02 +/-  9.511739E-05
1.216500E+03 -2.648703E-02 +/-  9.446736E-05
1.217500E+03 -2.625743E-02 +/-  9.364927E-05
1.218500E+03 -2.620281E-02 +/-  9.339126E-05
1.219500E+03 -2.598248E-02 +/-  9.266824E-05
