 s,S -> m,M
x-axis: "Mass{p3+p4}&"  from 1220.000000 to 1520.000000 N_bins= 300
Diff. cross section [pb/GeV]
1.220500E+03 3.689103E-08 +/-  8.866861E-11
1.221500E+03 3.659814E-08 +/-  8.778222E-11
1.222500E+03 3.659586E-08 +/-  8.780530E-11
1.223500E+03 3.624204E-08 +/-  8.706348E-11
1.224500E+03 3.609066E-08 +/-  8.664929E-11
1.225500E+03 3.603991E-08 +/-  8.663069E-11
1.226500E+03 3.575882E-08 +/-  8.584526E-11
1.227500E+03 3.568356E-08 +/-  8.594624E-11
1.228500E+03 3.545458E-08 +/-  8.545692E-11
1.229500E+03 3.531482E-08 +/-  8.503077E-11
1.230500E+03 3.510035E-08 +/-  8.476244E-11
1.231500E+03 3.483059E-08 +/-  8.424804E-11
1.232500E+03 3.478360E-08 +/-  8.406219E-11
1.233500E+03 3.465306E-08 +/-  8.384193E-11
1.234500E+03 3.445799E-08 +/-  8.358644E-11
1.235500E+03 3.427276E-08 +/-  8.320398E-11
1.236500E+03 3.410146E-08 +/-  8.273039E-11
1.237500E+03 3.398497E-08 +/-  8.257710E-11
1.238500E+03 3.372162E-08 +/-  8.198023E-11
1.239500E+03 3.358852E-08 +/-  8.172721E-11
1.240500E+03 3.342505E-08 +/-  8.148317E-11
1.241500E+03 3.334662E-08 +/-  8.156314E-11
1.242500E+03 3.309618E-08 +/-  8.104096E-11
1.243500E+03 3.303254E-08 +/-  8.072659E-11
1.244500E+03 3.284478E-08 +/-  8.055343E-11
1.245500E+03 3.259637E-08 +/-  7.995038E-11
1.246500E+03 3.248127E-08 +/-  7.967677E-11
1.247500E+03 3.243021E-08 +/-  7.943635E-11
1.248500E+03 3.217431E-08 +/-  7.919286E-11
1.249500E+03 3.206773E-08 +/-  7.901270E-11
1.250500E+03 3.192976E-08 +/-  7.858417E-11
1.251500E+03 3.161817E-08 +/-  7.799614E-11
1.252500E+03 3.168028E-08 +/-  7.818096E-11
1.253500E+03 3.141770E-08 +/-  7.774949E-11
1.254500E+03 3.128744E-08 +/-  7.751616E-11
1.255500E+03 3.109655E-08 +/-  7.723403E-11
1.256500E+03 3.099413E-08 +/-  7.687419E-11
1.257500E+03 3.082564E-08 +/-  7.654959E-11
1.258500E+03 3.074567E-08 +/-  7.641247E-11
1.259500E+03 3.052284E-08 +/-  7.599699E-11
1.260500E+03 3.044526E-08 +/-  7.579667E-11
1.261500E+03 3.018357E-08 +/-  7.514599E-11
1.262500E+03 3.015593E-08 +/-  7.540297E-11
1.263500E+03 2.992594E-08 +/-  7.481920E-11
1.264500E+03 2.988543E-08 +/-  7.465654E-11
1.265500E+03 2.961886E-08 +/-  7.422678E-11
1.266500E+03 2.956951E-08 +/-  7.411153E-11
1.267500E+03 2.938575E-08 +/-  7.387419E-11
1.268500E+03 2.936804E-08 +/-  7.391870E-11
1.269500E+03 2.907698E-08 +/-  7.328792E-11
1.270500E+03 2.905527E-08 +/-  7.311177E-11
1.271500E+03 2.888848E-08 +/-  7.289895E-11
1.272500E+03 2.870029E-08 +/-  7.256182E-11
1.273500E+03 2.853455E-08 +/-  7.204046E-11
1.274500E+03 2.847376E-08 +/-  7.211690E-11
1.275500E+03 2.828504E-08 +/-  7.160896E-11
1.276500E+03 2.823142E-08 +/-  7.163560E-11
1.277500E+03 2.806274E-08 +/-  7.117912E-11
1.278500E+03 2.792403E-08 +/-  7.098462E-11
1.279500E+03 2.774794E-08 +/-  7.051345E-11
1.280500E+03 2.772897E-08 +/-  7.064615E-11
1.281500E+03 2.747477E-08 +/-  7.013810E-11
1.282500E+03 2.739364E-08 +/-  6.999416E-11
1.283500E+03 2.731747E-08 +/-  6.960060E-11
1.284500E+03 2.717341E-08 +/-  6.944966E-11
1.285500E+03 2.703448E-08 +/-  6.937949E-11
1.286500E+03 2.690029E-08 +/-  6.905132E-11
1.287500E+03 2.673509E-08 +/-  6.858961E-11
1.288500E+03 2.659968E-08 +/-  6.846608E-11
1.289500E+03 2.658321E-08 +/-  6.830167E-11
1.290500E+03 2.636411E-08 +/-  6.806584E-11
1.291500E+03 2.633846E-08 +/-  6.786773E-11
1.292500E+03 2.604876E-08 +/-  6.730872E-11
1.293500E+03 2.604564E-08 +/-  6.734839E-11
1.294500E+03 2.595113E-08 +/-  6.709024E-11
1.295500E+03 2.580711E-08 +/-  6.693443E-11
1.296500E+03 2.563089E-08 +/-  6.642797E-11
1.297500E+03 2.557536E-08 +/-  6.634369E-11
1.298500E+03 2.532079E-08 +/-  6.587413E-11
1.299500E+03 2.535274E-08 +/-  6.596522E-11
1.300500E+03 2.518524E-08 +/-  6.560387E-11
1.301500E+03 2.503039E-08 +/-  6.534059E-11
1.302500E+03 2.497270E-08 +/-  6.515501E-11
1.303500E+03 2.487592E-08 +/-  6.504568E-11
1.304500E+03 2.478969E-08 +/-  6.486129E-11
1.305500E+03 2.454275E-08 +/-  6.439960E-11
1.306500E+03 2.456804E-08 +/-  6.429497E-11
1.307500E+03 2.428532E-08 +/-  6.390867E-11
1.308500E+03 2.434239E-08 +/-  6.395761E-11
1.309500E+03 2.415650E-08 +/-  6.360938E-11
1.310500E+03 2.401567E-08 +/-  6.325360E-11
1.311500E+03 2.392192E-08 +/-  6.312177E-11
1.312500E+03 2.383051E-08 +/-  6.307032E-11
1.313500E+03 2.383246E-08 +/-  6.302087E-11
1.314500E+03 2.359049E-08 +/-  6.252048E-11
1.315500E+03 2.345740E-08 +/-  6.209764E-11
1.316500E+03 2.344787E-08 +/-  6.220134E-11
1.317500E+03 2.326925E-08 +/-  6.184464E-11
1.318500E+03 2.319191E-08 +/-  6.180146E-11
1.319500E+03 2.309269E-08 +/-  6.148512E-11
1.320500E+03 2.291424E-08 +/-  6.113293E-11
1.321500E+03 2.283815E-08 +/-  6.095151E-11
1.322500E+03 2.281080E-08 +/-  6.089695E-11
1.323500E+03 2.264204E-08 +/-  6.066230E-11
1.324500E+03 2.252813E-08 +/-  6.047693E-11
1.325500E+03 2.247255E-08 +/-  6.025633E-11
1.326500E+03 2.233024E-08 +/-  5.982208E-11
1.327500E+03 2.219452E-08 +/-  5.974870E-11
1.328500E+03 2.221050E-08 +/-  5.975255E-11
1.329500E+03 2.196434E-08 +/-  5.941740E-11
1.330500E+03 2.195057E-08 +/-  5.928339E-11
1.331500E+03 2.182388E-08 +/-  5.883211E-11
1.332500E+03 2.172909E-08 +/-  5.866192E-11
1.333500E+03 2.171554E-08 +/-  5.880750E-11
1.334500E+03 2.153327E-08 +/-  5.845728E-11
1.335500E+03 2.144635E-08 +/-  5.819665E-11
1.336500E+03 2.130087E-08 +/-  5.795043E-11
1.337500E+03 2.127045E-08 +/-  5.778783E-11
1.338500E+03 2.116582E-08 +/-  5.755679E-11
1.339500E+03 2.105851E-08 +/-  5.743146E-11
1.340500E+03 2.098246E-08 +/-  5.738362E-11
1.341500E+03 2.086769E-08 +/-  5.712167E-11
1.342500E+03 2.074473E-08 +/-  5.678395E-11
1.343500E+03 2.065195E-08 +/-  5.651275E-11
1.344500E+03 2.060662E-08 +/-  5.646112E-11
1.345500E+03 2.047209E-08 +/-  5.629908E-11
1.346500E+03 2.038937E-08 +/-  5.618314E-11
1.347500E+03 2.030235E-08 +/-  5.597529E-11
1.348500E+03 2.019795E-08 +/-  5.565118E-11
1.349500E+03 2.005486E-08 +/-  5.529376E-11
1.350500E+03 2.008262E-08 +/-  5.538565E-11
1.351500E+03 2.001041E-08 +/-  5.531808E-11
1.352500E+03 1.976919E-08 +/-  5.506486E-11
1.353500E+03 1.977431E-08 +/-  5.481535E-11
1.354500E+03 1.971032E-08 +/-  5.461056E-11
1.355500E+03 1.958823E-08 +/-  5.434824E-11
1.356500E+03 1.944776E-08 +/-  5.414846E-11
1.357500E+03 1.938533E-08 +/-  5.409667E-11
1.358500E+03 1.936203E-08 +/-  5.406838E-11
1.359500E+03 1.923819E-08 +/-  5.375894E-11
1.360500E+03 1.914870E-08 +/-  5.358886E-11
1.361500E+03 1.904591E-08 +/-  5.322096E-11
1.362500E+03 1.898298E-08 +/-  5.314495E-11
1.363500E+03 1.890940E-08 +/-  5.308726E-11
1.364500E+03 1.880026E-08 +/-  5.295897E-11
1.365500E+03 1.869405E-08 +/-  5.265994E-11
1.366500E+03 1.861534E-08 +/-  5.249864E-11
1.367500E+03 1.858991E-08 +/-  5.230321E-11
1.368500E+03 1.843554E-08 +/-  5.200846E-11
1.369500E+03 1.836696E-08 +/-  5.195733E-11
1.370500E+03 1.831672E-08 +/-  5.190680E-11
1.371500E+03 1.820132E-08 +/-  5.177316E-11
1.372500E+03 1.814897E-08 +/-  5.147855E-11
1.373500E+03 1.805768E-08 +/-  5.121934E-11
1.374500E+03 1.798746E-08 +/-  5.105458E-11
1.375500E+03 1.793395E-08 +/-  5.102852E-11
1.376500E+03 1.785767E-08 +/-  5.093125E-11
1.377500E+03 1.766733E-08 +/-  5.062250E-11
1.378500E+03 1.769024E-08 +/-  5.057856E-11
1.379500E+03 1.764577E-08 +/-  5.043153E-11
1.380500E+03 1.747201E-08 +/-  5.003893E-11
1.381500E+03 1.748823E-08 +/-  4.994543E-11
1.382500E+03 1.733815E-08 +/-  4.980483E-11
1.383500E+03 1.720969E-08 +/-  4.970759E-11
1.384500E+03 1.721104E-08 +/-  4.961544E-11
1.385500E+03 1.711270E-08 +/-  4.938033E-11
1.386500E+03 1.706455E-08 +/-  4.927938E-11
1.387500E+03 1.692942E-08 +/-  4.888319E-11
1.388500E+03 1.698698E-08 +/-  4.896393E-11
1.389500E+03 1.678147E-08 +/-  4.864681E-11
1.390500E+03 1.672112E-08 +/-  4.855958E-11
1.391500E+03 1.668176E-08 +/-  4.852015E-11
1.392500E+03 1.663826E-08 +/-  4.843460E-11
1.393500E+03 1.650819E-08 +/-  4.807141E-11
1.394500E+03 1.647087E-08 +/-  4.793429E-11
1.395500E+03 1.631275E-08 +/-  4.762614E-11
1.396500E+03 1.633937E-08 +/-  4.770511E-11
1.397500E+03 1.620266E-08 +/-  4.750146E-11
1.398500E+03 1.618057E-08 +/-  4.741884E-11
1.399500E+03 1.611320E-08 +/-  4.735517E-11
1.400500E+03 1.602521E-08 +/-  4.706118E-11
1.401500E+03 1.593535E-08 +/-  4.682490E-11
1.402500E+03 1.590228E-08 +/-  4.673118E-11
1.403500E+03 1.581908E-08 +/-  4.667777E-11
1.404500E+03 1.571554E-08 +/-  4.643812E-11
1.405500E+03 1.569149E-08 +/-  4.635723E-11
1.406500E+03 1.557481E-08 +/-  4.621744E-11
1.407500E+03 1.553952E-08 +/-  4.607309E-11
1.408500E+03 1.552737E-08 +/-  4.594722E-11
1.409500E+03 1.538403E-08 +/-  4.571557E-11
1.410500E+03 1.528676E-08 +/-  4.552759E-11
1.411500E+03 1.528105E-08 +/-  4.547121E-11
1.412500E+03 1.518748E-08 +/-  4.524825E-11
1.413500E+03 1.510152E-08 +/-  4.515574E-11
1.414500E+03 1.511559E-08 +/-  4.518000E-11
1.415500E+03 1.498003E-08 +/-  4.487566E-11
1.416500E+03 1.495846E-08 +/-  4.479687E-11
1.417500E+03 1.489133E-08 +/-  4.457668E-11
1.418500E+03 1.477926E-08 +/-  4.446277E-11
1.419500E+03 1.471082E-08 +/-  4.423832E-11
1.420500E+03 1.466283E-08 +/-  4.413148E-11
1.421500E+03 1.464448E-08 +/-  4.409434E-11
1.422500E+03 1.452543E-08 +/-  4.394101E-11
1.423500E+03 1.448711E-08 +/-  4.384879E-11
1.424500E+03 1.442367E-08 +/-  4.366408E-11
1.425500E+03 1.435678E-08 +/-  4.344298E-11
1.426500E+03 1.431008E-08 +/-  4.340146E-11
1.427500E+03 1.421298E-08 +/-  4.315641E-11
1.428500E+03 1.416281E-08 +/-  4.302931E-11
1.429500E+03 1.414533E-08 +/-  4.298751E-11
1.430500E+03 1.403197E-08 +/-  4.288041E-11
1.431500E+03 1.397829E-08 +/-  4.281942E-11
1.432500E+03 1.388344E-08 +/-  4.252381E-11
1.433500E+03 1.388432E-08 +/-  4.242829E-11
1.434500E+03 1.378084E-08 +/-  4.231890E-11
1.435500E+03 1.379985E-08 +/-  4.223753E-11
1.436500E+03 1.362307E-08 +/-  4.184814E-11
1.437500E+03 1.361140E-08 +/-  4.185353E-11
1.438500E+03 1.361929E-08 +/-  4.196345E-11
1.439500E+03 1.348505E-08 +/-  4.173018E-11
1.440500E+03 1.346755E-08 +/-  4.162091E-11
1.441500E+03 1.339461E-08 +/-  4.141627E-11
1.442500E+03 1.333060E-08 +/-  4.125316E-11
1.443500E+03 1.327214E-08 +/-  4.114257E-11
1.444500E+03 1.324611E-08 +/-  4.099536E-11
1.445500E+03 1.314044E-08 +/-  4.072853E-11
1.446500E+03 1.306120E-08 +/-  4.072102E-11
1.447500E+03 1.307219E-08 +/-  4.078414E-11
1.448500E+03 1.302769E-08 +/-  4.065624E-11
1.449500E+03 1.291889E-08 +/-  4.042286E-11
1.450500E+03 1.290563E-08 +/-  4.029500E-11
1.451500E+03 1.280221E-08 +/-  4.012604E-11
1.452500E+03 1.282563E-08 +/-  4.012411E-11
1.453500E+03 1.268259E-08 +/-  3.979729E-11
1.454500E+03 1.267665E-08 +/-  3.974333E-11
1.455500E+03 1.261361E-08 +/-  3.963979E-11
1.456500E+03 1.253748E-08 +/-  3.960121E-11
1.457500E+03 1.252071E-08 +/-  3.955231E-11
1.458500E+03 1.246404E-08 +/-  3.936416E-11
1.459500E+03 1.236874E-08 +/-  3.914645E-11
1.460500E+03 1.231566E-08 +/-  3.906621E-11
1.461500E+03 1.236334E-08 +/-  3.910587E-11
1.462500E+03 1.220946E-08 +/-  3.879030E-11
1.463500E+03 1.213100E-08 +/-  3.857887E-11
1.464500E+03 1.217298E-08 +/-  3.854280E-11
1.465500E+03 1.208432E-08 +/-  3.847736E-11
1.466500E+03 1.199794E-08 +/-  3.841723E-11
1.467500E+03 1.198511E-08 +/-  3.832884E-11
1.468500E+03 1.189518E-08 +/-  3.808967E-11
1.469500E+03 1.186172E-08 +/-  3.809736E-11
1.470500E+03 1.184922E-08 +/-  3.805929E-11
1.471500E+03 1.177950E-08 +/-  3.786214E-11
1.472500E+03 1.174708E-08 +/-  3.769955E-11
1.473500E+03 1.164918E-08 +/-  3.748253E-11
1.474500E+03 1.162022E-08 +/-  3.729790E-11
1.475500E+03 1.158978E-08 +/-  3.734017E-11
1.476500E+03 1.150438E-08 +/-  3.733044E-11
1.477500E+03 1.151340E-08 +/-  3.726939E-11
1.478500E+03 1.144055E-08 +/-  3.712968E-11
1.479500E+03 1.132250E-08 +/-  3.694764E-11
1.480500E+03 1.134884E-08 +/-  3.691202E-11
1.481500E+03 1.129245E-08 +/-  3.673619E-11
1.482500E+03 1.117512E-08 +/-  3.646053E-11
1.483500E+03 1.120345E-08 +/-  3.639902E-11
1.484500E+03 1.116963E-08 +/-  3.627724E-11
1.485500E+03 1.108141E-08 +/-  3.610614E-11
1.486500E+03 1.106191E-08 +/-  3.629618E-11
1.487500E+03 1.100982E-08 +/-  3.616768E-11
1.488500E+03 1.091711E-08 +/-  3.599565E-11
1.489500E+03 1.090360E-08 +/-  3.597482E-11
1.490500E+03 1.084769E-08 +/-  3.578541E-11
1.491500E+03 1.081457E-08 +/-  3.563472E-11
1.492500E+03 1.077388E-08 +/-  3.549332E-11
1.493500E+03 1.073391E-08 +/-  3.534150E-11
1.494500E+03 1.072779E-08 +/-  3.531466E-11
1.495500E+03 1.060657E-08 +/-  3.501429E-11
1.496500E+03 1.061094E-08 +/-  3.503301E-11
1.497500E+03 1.058007E-08 +/-  3.519613E-11
1.498500E+03 1.045974E-08 +/-  3.495715E-11
1.499500E+03 1.043112E-08 +/-  3.493546E-11
1.500500E+03 1.042208E-08 +/-  3.482965E-11
1.501500E+03 1.039712E-08 +/-  3.471969E-11
1.502500E+03 1.029390E-08 +/-  3.447274E-11
1.503500E+03 1.026997E-08 +/-  3.439001E-11
1.504500E+03 1.023796E-08 +/-  3.426076E-11
1.505500E+03 1.017724E-08 +/-  3.407577E-11
1.506500E+03 1.017593E-08 +/-  3.398445E-11
1.507500E+03 1.010035E-08 +/-  3.378764E-11
1.508500E+03 1.004841E-08 +/-  3.384489E-11
1.509500E+03 1.006916E-08 +/-  3.396041E-11
1.510500E+03 1.004453E-08 +/-  3.388248E-11
1.511500E+03 9.876168E-09 +/-  3.350204E-11
1.512500E+03 9.904902E-09 +/-  3.349888E-11
1.513500E+03 9.832799E-09 +/-  3.328956E-11
1.514500E+03 9.877895E-09 +/-  3.330698E-11
1.515500E+03 9.748804E-09 +/-  3.299144E-11
1.516500E+03 9.703216E-09 +/-  3.284811E-11
1.517500E+03 9.700348E-09 +/-  3.275445E-11
1.518500E+03 9.627150E-09 +/-  3.255364E-11
1.519500E+03 9.660349E-09 +/-  3.254283E-11
