 s,S -> m,M
x-axis: "Mass{p3+p4}"  from 1520.000000 to 1820.000000 N_bins= 300
Diff. cross section [pb/GeV]
1.520500E+03 9.565373E-09 +/-  2.337606E-11
1.521500E+03 9.538924E-09 +/-  2.330974E-11
1.522500E+03 9.516222E-09 +/-  2.324358E-11
1.523500E+03 9.442130E-09 +/-  2.307186E-11
1.524500E+03 9.427254E-09 +/-  2.309047E-11
1.525500E+03 9.381036E-09 +/-  2.293614E-11
1.526500E+03 9.338054E-09 +/-  2.284388E-11
1.527500E+03 9.301772E-09 +/-  2.275885E-11
1.528500E+03 9.257927E-09 +/-  2.271739E-11
1.529500E+03 9.215275E-09 +/-  2.259024E-11
1.530500E+03 9.173445E-09 +/-  2.247496E-11
1.531500E+03 9.163286E-09 +/-  2.256435E-11
1.532500E+03 9.115744E-09 +/-  2.242656E-11
1.533500E+03 9.066810E-09 +/-  2.232159E-11
1.534500E+03 9.043244E-09 +/-  2.229903E-11
1.535500E+03 8.968883E-09 +/-  2.214570E-11
1.536500E+03 8.971547E-09 +/-  2.215438E-11
1.537500E+03 8.923988E-09 +/-  2.201641E-11
1.538500E+03 8.891446E-09 +/-  2.202466E-11
1.539500E+03 8.859269E-09 +/-  2.194170E-11
1.540500E+03 8.799124E-09 +/-  2.178356E-11
1.541500E+03 8.777612E-09 +/-  2.176360E-11
1.542500E+03 8.745934E-09 +/-  2.169083E-11
1.543500E+03 8.710015E-09 +/-  2.165474E-11
1.544500E+03 8.662608E-09 +/-  2.153021E-11
1.545500E+03 8.647293E-09 +/-  2.152185E-11
1.546500E+03 8.589946E-09 +/-  2.142786E-11
1.547500E+03 8.559755E-09 +/-  2.138088E-11
1.548500E+03 8.509316E-09 +/-  2.127452E-11
1.549500E+03 8.511473E-09 +/-  2.118905E-11
1.550500E+03 8.450487E-09 +/-  2.117749E-11
1.551500E+03 8.423918E-09 +/-  2.112485E-11
1.552500E+03 8.362687E-09 +/-  2.094994E-11
1.553500E+03 8.367428E-09 +/-  2.097732E-11
1.554500E+03 8.338023E-09 +/-  2.092089E-11
1.555500E+03 8.282551E-09 +/-  2.083662E-11
1.556500E+03 8.239350E-09 +/-  2.069677E-11
1.557500E+03 8.235653E-09 +/-  2.068151E-11
1.558500E+03 8.188828E-09 +/-  2.064310E-11
1.559500E+03 8.142394E-09 +/-  2.055362E-11
1.560500E+03 8.127024E-09 +/-  2.056361E-11
1.561500E+03 8.075956E-09 +/-  2.039781E-11
1.562500E+03 8.008964E-09 +/-  2.030554E-11
1.563500E+03 8.038178E-09 +/-  2.035552E-11
1.564500E+03 8.005735E-09 +/-  2.030911E-11
1.565500E+03 7.932377E-09 +/-  2.012944E-11
1.566500E+03 7.922223E-09 +/-  2.010728E-11
1.567500E+03 7.888307E-09 +/-  2.007290E-11
1.568500E+03 7.846235E-09 +/-  1.998633E-11
1.569500E+03 7.825087E-09 +/-  1.994043E-11
1.570500E+03 7.785317E-09 +/-  1.983298E-11
1.571500E+03 7.777703E-09 +/-  1.984406E-11
1.572500E+03 7.703881E-09 +/-  1.969337E-11
1.573500E+03 7.699527E-09 +/-  1.968181E-11
1.574500E+03 7.661952E-09 +/-  1.959446E-11
1.575500E+03 7.640410E-09 +/-  1.959506E-11
1.576500E+03 7.609824E-09 +/-  1.950463E-11
1.577500E+03 7.575342E-09 +/-  1.942833E-11
1.578500E+03 7.535381E-09 +/-  1.937730E-11
1.579500E+03 7.496685E-09 +/-  1.932953E-11
1.580500E+03 7.493898E-09 +/-  1.927562E-11
1.581500E+03 7.454420E-09 +/-  1.921992E-11
1.582500E+03 7.416650E-09 +/-  1.915294E-11
1.583500E+03 7.398136E-09 +/-  1.908773E-11
1.584500E+03 7.350961E-09 +/-  1.902868E-11
1.585500E+03 7.326163E-09 +/-  1.898821E-11
1.586500E+03 7.288400E-09 +/-  1.883997E-11
1.587500E+03 7.271218E-09 +/-  1.887214E-11
1.588500E+03 7.259920E-09 +/-  1.882367E-11
1.589500E+03 7.193237E-09 +/-  1.871415E-11
1.590500E+03 7.170903E-09 +/-  1.866427E-11
1.591500E+03 7.191223E-09 +/-  1.866231E-11
1.592500E+03 7.110483E-09 +/-  1.854042E-11
1.593500E+03 7.106233E-09 +/-  1.852909E-11
1.594500E+03 7.038826E-09 +/-  1.843277E-11
1.595500E+03 7.048951E-09 +/-  1.838636E-11
1.596500E+03 7.022735E-09 +/-  1.834189E-11
1.597500E+03 6.973168E-09 +/-  1.826529E-11
1.598500E+03 6.959110E-09 +/-  1.823530E-11
1.599500E+03 6.919499E-09 +/-  1.817064E-11
1.600500E+03 6.899391E-09 +/-  1.812375E-11
1.601500E+03 6.892018E-09 +/-  1.810926E-11
1.602500E+03 6.825096E-09 +/-  1.793962E-11
1.603500E+03 6.810127E-09 +/-  1.796144E-11
1.604500E+03 6.802464E-09 +/-  1.793807E-11
1.605500E+03 6.758326E-09 +/-  1.785940E-11
1.606500E+03 6.731062E-09 +/-  1.778155E-11
1.607500E+03 6.696011E-09 +/-  1.770875E-11
1.608500E+03 6.676618E-09 +/-  1.769951E-11
1.609500E+03 6.657733E-09 +/-  1.766090E-11
1.610500E+03 6.637733E-09 +/-  1.759414E-11
1.611500E+03 6.574105E-09 +/-  1.747489E-11
1.612500E+03 6.589457E-09 +/-  1.749418E-11
1.613500E+03 6.557343E-09 +/-  1.744305E-11
1.614500E+03 6.507331E-09 +/-  1.737896E-11
1.615500E+03 6.486582E-09 +/-  1.729079E-11
1.616500E+03 6.479876E-09 +/-  1.730076E-11
1.617500E+03 6.422870E-09 +/-  1.716090E-11
1.618500E+03 6.431421E-09 +/-  1.719812E-11
1.619500E+03 6.386696E-09 +/-  1.710481E-11
1.620500E+03 6.367118E-09 +/-  1.706730E-11
1.621500E+03 6.337443E-09 +/-  1.700475E-11
1.622500E+03 6.317333E-09 +/-  1.696554E-11
1.623500E+03 6.274536E-09 +/-  1.687768E-11
1.624500E+03 6.269439E-09 +/-  1.689164E-11
1.625500E+03 6.254949E-09 +/-  1.684286E-11
1.626500E+03 6.208420E-09 +/-  1.672784E-11
1.627500E+03 6.185955E-09 +/-  1.669401E-11
1.628500E+03 6.179637E-09 +/-  1.670927E-11
1.629500E+03 6.141873E-09 +/-  1.659672E-11
1.630500E+03 6.098387E-09 +/-  1.655133E-11
1.631500E+03 6.112382E-09 +/-  1.654892E-11
1.632500E+03 6.039879E-09 +/-  1.640409E-11
1.633500E+03 6.066454E-09 +/-  1.645986E-11
1.634500E+03 6.007435E-09 +/-  1.633831E-11
1.635500E+03 6.015626E-09 +/-  1.637462E-11
1.636500E+03 5.952660E-09 +/-  1.624117E-11
1.637500E+03 5.956600E-09 +/-  1.623745E-11
1.638500E+03 5.923216E-09 +/-  1.615193E-11
1.639500E+03 5.908444E-09 +/-  1.615315E-11
1.640500E+03 5.880594E-09 +/-  1.609874E-11
1.641500E+03 5.853837E-09 +/-  1.602889E-11
1.642500E+03 5.815981E-09 +/-  1.595963E-11
1.643500E+03 5.817328E-09 +/-  1.595131E-11
1.644500E+03 5.793345E-09 +/-  1.591477E-11
1.645500E+03 5.766847E-09 +/-  1.585700E-11
1.646500E+03 5.737652E-09 +/-  1.581159E-11
1.647500E+03 5.708603E-09 +/-  1.573662E-11
1.648500E+03 5.688546E-09 +/-  1.568247E-11
1.649500E+03 5.668539E-09 +/-  1.567111E-11
1.650500E+03 5.670554E-09 +/-  1.564626E-11
1.651500E+03 5.618834E-09 +/-  1.556225E-11
1.652500E+03 5.607747E-09 +/-  1.554054E-11
1.653500E+03 5.584295E-09 +/-  1.549453E-11
1.654500E+03 5.561390E-09 +/-  1.543108E-11
1.655500E+03 5.548700E-09 +/-  1.540444E-11
1.656500E+03 5.513268E-09 +/-  1.535466E-11
1.657500E+03 5.474553E-09 +/-  1.527303E-11
1.658500E+03 5.498898E-09 +/-  1.532179E-11
1.659500E+03 5.445027E-09 +/-  1.519727E-11
1.660500E+03 5.437646E-09 +/-  1.518641E-11
1.661500E+03 5.396842E-09 +/-  1.512148E-11
1.662500E+03 5.402859E-09 +/-  1.508803E-11
1.663500E+03 5.353916E-09 +/-  1.503383E-11
1.664500E+03 5.351382E-09 +/-  1.501210E-11
1.665500E+03 5.327279E-09 +/-  1.496522E-11
1.666500E+03 5.312931E-09 +/-  1.493531E-11
1.667500E+03 5.262885E-09 +/-  1.483764E-11
1.668500E+03 5.269991E-09 +/-  1.483989E-11
1.669500E+03 5.255526E-09 +/-  1.481209E-11
1.670500E+03 5.218297E-09 +/-  1.473621E-11
1.671500E+03 5.203844E-09 +/-  1.470879E-11
1.672500E+03 5.175073E-09 +/-  1.464970E-11
1.673500E+03 5.170896E-09 +/-  1.464172E-11
1.674500E+03 5.128889E-09 +/-  1.455217E-11
1.675500E+03 5.130801E-09 +/-  1.454119E-11
1.676500E+03 5.104900E-09 +/-  1.449800E-11
1.677500E+03 5.076318E-09 +/-  1.446582E-11
1.678500E+03 5.052963E-09 +/-  1.442838E-11
1.679500E+03 5.040963E-09 +/-  1.435715E-11
1.680500E+03 5.030527E-09 +/-  1.435265E-11
1.681500E+03 4.993049E-09 +/-  1.425616E-11
1.682500E+03 4.999922E-09 +/-  1.427628E-11
1.683500E+03 4.952299E-09 +/-  1.419590E-11
1.684500E+03 4.960159E-09 +/-  1.420785E-11
1.685500E+03 4.907931E-09 +/-  1.410689E-11
1.686500E+03 4.905351E-09 +/-  1.409105E-11
1.687500E+03 4.878847E-09 +/-  1.404637E-11
1.688500E+03 4.866352E-09 +/-  1.399035E-11
1.689500E+03 4.843331E-09 +/-  1.396572E-11
1.690500E+03 4.823032E-09 +/-  1.392449E-11
1.691500E+03 4.817798E-09 +/-  1.389899E-11
1.692500E+03 4.798080E-09 +/-  1.387552E-11
1.693500E+03 4.773588E-09 +/-  1.381029E-11
1.694500E+03 4.752816E-09 +/-  1.377479E-11
1.695500E+03 4.723754E-09 +/-  1.371110E-11
1.696500E+03 4.720771E-09 +/-  1.370145E-11
1.697500E+03 4.712527E-09 +/-  1.368704E-11
1.698500E+03 4.668148E-09 +/-  1.362179E-11
1.699500E+03 4.663917E-09 +/-  1.359056E-11
1.700500E+03 4.655032E-09 +/-  1.354647E-11
1.701500E+03 4.618127E-09 +/-  1.349757E-11
1.702500E+03 4.621170E-09 +/-  1.347313E-11
1.703500E+03 4.580007E-09 +/-  1.340484E-11
1.704500E+03 4.591403E-09 +/-  1.343254E-11
1.705500E+03 4.562218E-09 +/-  1.337178E-11
1.706500E+03 4.530756E-09 +/-  1.331912E-11
1.707500E+03 4.528397E-09 +/-  1.328680E-11
1.708500E+03 4.490411E-09 +/-  1.322685E-11
1.709500E+03 4.485220E-09 +/-  1.320172E-11
1.710500E+03 4.462711E-09 +/-  1.314404E-11
1.711500E+03 4.470862E-09 +/-  1.317008E-11
1.712500E+03 4.421499E-09 +/-  1.310384E-11
1.713500E+03 4.424639E-09 +/-  1.309313E-11
1.714500E+03 4.399640E-09 +/-  1.302478E-11
1.715500E+03 4.377133E-09 +/-  1.298662E-11
1.716500E+03 4.384207E-09 +/-  1.298160E-11
1.717500E+03 4.341075E-09 +/-  1.288580E-11
1.718500E+03 4.343340E-09 +/-  1.288193E-11
1.719500E+03 4.317155E-09 +/-  1.287578E-11
1.720500E+03 4.275402E-09 +/-  1.280472E-11
1.721500E+03 4.310747E-09 +/-  1.282918E-11
1.722500E+03 4.253961E-09 +/-  1.271134E-11
1.723500E+03 4.249046E-09 +/-  1.271732E-11
1.724500E+03 4.233670E-09 +/-  1.266288E-11
1.725500E+03 4.218382E-09 +/-  1.260674E-11
1.726500E+03 4.216041E-09 +/-  1.263218E-11
1.727500E+03 4.179798E-09 +/-  1.259400E-11
1.728500E+03 4.174000E-09 +/-  1.255585E-11
1.729500E+03 4.146263E-09 +/-  1.248406E-11
1.730500E+03 4.116261E-09 +/-  1.243539E-11
1.731500E+03 4.136817E-09 +/-  1.245247E-11
1.732500E+03 4.112775E-09 +/-  1.238913E-11
1.733500E+03 4.095311E-09 +/-  1.233840E-11
1.734500E+03 4.074237E-09 +/-  1.233319E-11
1.735500E+03 4.048117E-09 +/-  1.231353E-11
1.736500E+03 4.041584E-09 +/-  1.227765E-11
1.737500E+03 4.027472E-09 +/-  1.222252E-11
1.738500E+03 4.027466E-09 +/-  1.221617E-11
1.739500E+03 3.984738E-09 +/-  1.214135E-11
1.740500E+03 3.987079E-09 +/-  1.212376E-11
1.741500E+03 3.957369E-09 +/-  1.207598E-11
1.742500E+03 3.968604E-09 +/-  1.208361E-11
1.743500E+03 3.935925E-09 +/-  1.204678E-11
1.744500E+03 3.920057E-09 +/-  1.201201E-11
1.745500E+03 3.894757E-09 +/-  1.195106E-11
1.746500E+03 3.902262E-09 +/-  1.195239E-11
1.747500E+03 3.869537E-09 +/-  1.189088E-11
1.748500E+03 3.867895E-09 +/-  1.188804E-11
1.749500E+03 3.858636E-09 +/-  1.184641E-11
1.750500E+03 3.831214E-09 +/-  1.176649E-11
1.751500E+03 3.818634E-09 +/-  1.178736E-11
1.752500E+03 3.796886E-09 +/-  1.174154E-11
1.753500E+03 3.791315E-09 +/-  1.172665E-11
1.754500E+03 3.785395E-09 +/-  1.168662E-11
1.755500E+03 3.760522E-09 +/-  1.165763E-11
1.756500E+03 3.753068E-09 +/-  1.163405E-11
1.757500E+03 3.733850E-09 +/-  1.158236E-11
1.758500E+03 3.715059E-09 +/-  1.153161E-11
1.759500E+03 3.713660E-09 +/-  1.150854E-11
1.760500E+03 3.668030E-09 +/-  1.145057E-11
1.761500E+03 3.668582E-09 +/-  1.147080E-11
1.762500E+03 3.669326E-09 +/-  1.144358E-11
1.763500E+03 3.658045E-09 +/-  1.143650E-11
1.764500E+03 3.639429E-09 +/-  1.140959E-11
1.765500E+03 3.615044E-09 +/-  1.133856E-11
1.766500E+03 3.615469E-09 +/-  1.131345E-11
1.767500E+03 3.594705E-09 +/-  1.127085E-11
1.768500E+03 3.579307E-09 +/-  1.120889E-11
1.769500E+03 3.574513E-09 +/-  1.123215E-11
1.770500E+03 3.544537E-09 +/-  1.118899E-11
1.771500E+03 3.539572E-09 +/-  1.117883E-11
1.772500E+03 3.538163E-09 +/-  1.118192E-11
1.773500E+03 3.509159E-09 +/-  1.111752E-11
1.774500E+03 3.489178E-09 +/-  1.105753E-11
1.775500E+03 3.505342E-09 +/-  1.106013E-11
1.776500E+03 3.457054E-09 +/-  1.096673E-11
1.777500E+03 3.466328E-09 +/-  1.095378E-11
1.778500E+03 3.444958E-09 +/-  1.092199E-11
1.779500E+03 3.429491E-09 +/-  1.094585E-11
1.780500E+03 3.426525E-09 +/-  1.092943E-11
1.781500E+03 3.416559E-09 +/-  1.091415E-11
1.782500E+03 3.393359E-09 +/-  1.084526E-11
1.783500E+03 3.377726E-09 +/-  1.081699E-11
1.784500E+03 3.377330E-09 +/-  1.078851E-11
1.785500E+03 3.349384E-09 +/-  1.072192E-11
1.786500E+03 3.350935E-09 +/-  1.069365E-11
1.787500E+03 3.327083E-09 +/-  1.065696E-11
1.788500E+03 3.332638E-09 +/-  1.068038E-11
1.789500E+03 3.299797E-09 +/-  1.065733E-11
1.790500E+03 3.304870E-09 +/-  1.065565E-11
1.791500E+03 3.276128E-09 +/-  1.060280E-11
1.792500E+03 3.271148E-09 +/-  1.057510E-11
1.793500E+03 3.258786E-09 +/-  1.052829E-11
1.794500E+03 3.245991E-09 +/-  1.048573E-11
1.795500E+03 3.243090E-09 +/-  1.047114E-11
1.796500E+03 3.231892E-09 +/-  1.044278E-11
1.797500E+03 3.196001E-09 +/-  1.035757E-11
1.798500E+03 3.195006E-09 +/-  1.035792E-11
1.799500E+03 3.178831E-09 +/-  1.037809E-11
1.800500E+03 3.169769E-09 +/-  1.037837E-11
1.801500E+03 3.164032E-09 +/-  1.034572E-11
1.802500E+03 3.149792E-09 +/-  1.029777E-11
1.803500E+03 3.146185E-09 +/-  1.028954E-11
1.804500E+03 3.133798E-09 +/-  1.025501E-11
1.805500E+03 3.102640E-09 +/-  1.017307E-11
1.806500E+03 3.101633E-09 +/-  1.015716E-11
1.807500E+03 3.098095E-09 +/-  1.012777E-11
1.808500E+03 3.091905E-09 +/-  1.009761E-11
1.809500E+03 3.064245E-09 +/-  1.008364E-11
1.810500E+03 3.061763E-09 +/-  1.009560E-11
1.811500E+03 3.052795E-09 +/-  1.006857E-11
1.812500E+03 3.022067E-09 +/-  9.992748E-12
1.813500E+03 3.015649E-09 +/-  9.971562E-12
1.814500E+03 3.020014E-09 +/-  9.963738E-12
1.815500E+03 3.001969E-09 +/-  9.899142E-12
1.816500E+03 2.992422E-09 +/-  9.872523E-12
1.817500E+03 2.962844E-09 +/-  9.799692E-12
1.818500E+03 2.975583E-09 +/-  9.794130E-12
1.819500E+03 2.964428E-09 +/-  9.765850E-12
