 s,S -> m,M
x-axis: "Mass{p3+p4}$"  from 320.000000 to 620.000000 N_bins= 300
Diff. cross section [pb/GeV]
3.205000E+02 7.469704E-05 +/-  1.670391E-07
3.215000E+02 7.358188E-05 +/-  1.637798E-07
3.225000E+02 7.253583E-05 +/-  1.616104E-07
3.235000E+02 7.141984E-05 +/-  1.596192E-07
3.245000E+02 7.020521E-05 +/-  1.563980E-07
3.255000E+02 6.929442E-05 +/-  1.549717E-07
3.265000E+02 6.798091E-05 +/-  1.509508E-07
3.275000E+02 6.743352E-05 +/-  1.510956E-07
3.285000E+02 6.612841E-05 +/-  1.477446E-07
3.295000E+02 6.493547E-05 +/-  1.457087E-07
3.305000E+02 6.423307E-05 +/-  1.444351E-07
3.315000E+02 6.314214E-05 +/-  1.416699E-07
3.325000E+02 6.239788E-05 +/-  1.405342E-07
3.335000E+02 6.139665E-05 +/-  1.376876E-07
3.345000E+02 6.039591E-05 +/-  1.358530E-07
3.355000E+02 5.954382E-05 +/-  1.335375E-07
3.365000E+02 5.860673E-05 +/-  1.326541E-07
3.375000E+02 5.783584E-05 +/-  1.313589E-07
3.385000E+02 5.693889E-05 +/-  1.291876E-07
3.395000E+02 5.607768E-05 +/-  1.282749E-07
3.405000E+02 5.536849E-05 +/-  1.265005E-07
3.415000E+02 5.449121E-05 +/-  1.242700E-07
3.425000E+02 5.370764E-05 +/-  1.224981E-07
3.435000E+02 5.287701E-05 +/-  1.206904E-07
3.445000E+02 5.222111E-05 +/-  1.199801E-07
3.455000E+02 5.140532E-05 +/-  1.182749E-07
3.465000E+02 5.074570E-05 +/-  1.170028E-07
3.475000E+02 5.005658E-05 +/-  1.162716E-07
3.485000E+02 4.922136E-05 +/-  1.144601E-07
3.495000E+02 4.864011E-05 +/-  1.128377E-07
3.505000E+02 4.783334E-05 +/-  1.108602E-07
3.515000E+02 4.721167E-05 +/-  1.092578E-07
3.525000E+02 4.657230E-05 +/-  1.085797E-07
3.535000E+02 4.600615E-05 +/-  1.083087E-07
3.545000E+02 4.531058E-05 +/-  1.067521E-07
3.555000E+02 4.456181E-05 +/-  1.052041E-07
3.565000E+02 4.397176E-05 +/-  1.037445E-07
3.575000E+02 4.346015E-05 +/-  1.028280E-07
3.585000E+02 4.282875E-05 +/-  1.012549E-07
3.595000E+02 4.212655E-05 +/-  9.967212E-08
3.605000E+02 4.165513E-05 +/-  9.915925E-08
3.615000E+02 4.099363E-05 +/-  9.788473E-08
3.625000E+02 4.052993E-05 +/-  9.669274E-08
3.635000E+02 3.993346E-05 +/-  9.577155E-08
3.645000E+02 3.942731E-05 +/-  9.465473E-08
3.655000E+02 3.874410E-05 +/-  9.343496E-08
3.665000E+02 3.839887E-05 +/-  9.249852E-08
3.675000E+02 3.791403E-05 +/-  9.189210E-08
3.685000E+02 3.728175E-05 +/-  9.047653E-08
3.695000E+02 3.683563E-05 +/-  8.956848E-08
3.705000E+02 3.625789E-05 +/-  8.828780E-08
3.715000E+02 3.577532E-05 +/-  8.742758E-08
3.725000E+02 3.537219E-05 +/-  8.680623E-08
3.735000E+02 3.487718E-05 +/-  8.548201E-08
3.745000E+02 3.444046E-05 +/-  8.486716E-08
3.755000E+02 3.394234E-05 +/-  8.393600E-08
3.765000E+02 3.356995E-05 +/-  8.313194E-08
3.775000E+02 3.308779E-05 +/-  8.217728E-08
3.785000E+02 3.261980E-05 +/-  8.110993E-08
3.795000E+02 3.223174E-05 +/-  8.028767E-08
3.805000E+02 3.188443E-05 +/-  7.947582E-08
3.815000E+02 3.134152E-05 +/-  7.860870E-08
3.825000E+02 3.098567E-05 +/-  7.769417E-08
3.835000E+02 3.051133E-05 +/-  7.659320E-08
3.845000E+02 3.022847E-05 +/-  7.643410E-08
3.855000E+02 2.967440E-05 +/-  7.562880E-08
3.865000E+02 2.946333E-05 +/-  7.494655E-08
3.875000E+02 2.903375E-05 +/-  7.409630E-08
3.885000E+02 2.864317E-05 +/-  7.323748E-08
3.895000E+02 2.827894E-05 +/-  7.263433E-08
3.905000E+02 2.786965E-05 +/-  7.165902E-08
3.915000E+02 2.761031E-05 +/-  7.105178E-08
3.925000E+02 2.724230E-05 +/-  7.015431E-08
3.935000E+02 2.695990E-05 +/-  6.970845E-08
3.945000E+02 2.649766E-05 +/-  6.888812E-08
3.955000E+02 2.619974E-05 +/-  6.827915E-08
3.965000E+02 2.585546E-05 +/-  6.716813E-08
3.975000E+02 2.548460E-05 +/-  6.667853E-08
3.985000E+02 2.526740E-05 +/-  6.641393E-08
3.995000E+02 2.495249E-05 +/-  6.603282E-08
4.005000E+02 2.453497E-05 +/-  6.488006E-08
4.015000E+02 2.426212E-05 +/-  6.421355E-08
4.025000E+02 2.406231E-05 +/-  6.404202E-08
4.035000E+02 2.373711E-05 +/-  6.318977E-08
4.045000E+02 2.337631E-05 +/-  6.275749E-08
4.055000E+02 2.310126E-05 +/-  6.178781E-08
4.065000E+02 2.284960E-05 +/-  6.140625E-08
4.075000E+02 2.253147E-05 +/-  6.079756E-08
4.085000E+02 2.230736E-05 +/-  6.027815E-08
4.095000E+02 2.204718E-05 +/-  5.977656E-08
4.105000E+02 2.169608E-05 +/-  5.891347E-08
4.115000E+02 2.147747E-05 +/-  5.855958E-08
4.125000E+02 2.122767E-05 +/-  5.800154E-08
4.135000E+02 2.092210E-05 +/-  5.730030E-08
4.145000E+02 2.071489E-05 +/-  5.701289E-08
4.155000E+02 2.048127E-05 +/-  5.652526E-08
4.165000E+02 2.020694E-05 +/-  5.578188E-08
4.175000E+02 1.993408E-05 +/-  5.532696E-08
4.185000E+02 1.975106E-05 +/-  5.500595E-08
4.195000E+02 1.947107E-05 +/-  5.427709E-08
4.205000E+02 1.928574E-05 +/-  5.394744E-08
4.215000E+02 1.910324E-05 +/-  5.351690E-08
4.225000E+02 1.880664E-05 +/-  5.297595E-08
4.235000E+02 1.850210E-05 +/-  5.225834E-08
4.245000E+02 1.841901E-05 +/-  5.216881E-08
4.255000E+02 1.811486E-05 +/-  5.153162E-08
4.265000E+02 1.798124E-05 +/-  5.116595E-08
4.275000E+02 1.775942E-05 +/-  5.065886E-08
4.285000E+02 1.749263E-05 +/-  5.019677E-08
4.295000E+02 1.737548E-05 +/-  4.984209E-08
4.305000E+02 1.711381E-05 +/-  4.942090E-08
4.315000E+02 1.689851E-05 +/-  4.886581E-08
4.325000E+02 1.667667E-05 +/-  4.850386E-08
4.335000E+02 1.656308E-05 +/-  4.812690E-08
4.345000E+02 1.635486E-05 +/-  4.762239E-08
4.355000E+02 1.614761E-05 +/-  4.735352E-08
4.365000E+02 1.594691E-05 +/-  4.674823E-08
4.375000E+02 1.580880E-05 +/-  4.659808E-08
4.385000E+02 1.562012E-05 +/-  4.602714E-08
4.395000E+02 1.533837E-05 +/-  4.565361E-08
4.405000E+02 1.531075E-05 +/-  4.545880E-08
4.415000E+02 1.504373E-05 +/-  4.483831E-08
4.425000E+02 1.487916E-05 +/-  4.451117E-08
4.435000E+02 1.473954E-05 +/-  4.415306E-08
4.445000E+02 1.460272E-05 +/-  4.394259E-08
4.455000E+02 1.436347E-05 +/-  4.336073E-08
4.465000E+02 1.427034E-05 +/-  4.315754E-08
4.475000E+02 1.405830E-05 +/-  4.283093E-08
4.485000E+02 1.396742E-05 +/-  4.250241E-08
4.495000E+02 1.375555E-05 +/-  4.184394E-08
4.505000E+02 1.358052E-05 +/-  4.169266E-08
4.515000E+02 1.346835E-05 +/-  4.129664E-08
4.525000E+02 1.334549E-05 +/-  4.119724E-08
4.535000E+02 1.312822E-05 +/-  4.055361E-08
4.545000E+02 1.301107E-05 +/-  4.035651E-08
4.555000E+02 1.286563E-05 +/-  4.024455E-08
4.565000E+02 1.277846E-05 +/-  3.981587E-08
4.575000E+02 1.258194E-05 +/-  3.924521E-08
4.585000E+02 1.241358E-05 +/-  3.879545E-08
4.595000E+02 1.231924E-05 +/-  3.878661E-08
4.605000E+02 1.222052E-05 +/-  3.864364E-08
4.615000E+02 1.200657E-05 +/-  3.810679E-08
4.625000E+02 1.196889E-05 +/-  3.790820E-08
4.635000E+02 1.173765E-05 +/-  3.757322E-08
4.645000E+02 1.171954E-05 +/-  3.752589E-08
4.655000E+02 1.150670E-05 +/-  3.689020E-08
4.665000E+02 1.139856E-05 +/-  3.651729E-08
4.675000E+02 1.128120E-05 +/-  3.609899E-08
4.685000E+02 1.119009E-05 +/-  3.605120E-08
4.695000E+02 1.100907E-05 +/-  3.596554E-08
4.705000E+02 1.093912E-05 +/-  3.580945E-08
4.715000E+02 1.084532E-05 +/-  3.548142E-08
4.725000E+02 1.067729E-05 +/-  3.497026E-08
4.735000E+02 1.054767E-05 +/-  3.487751E-08
4.745000E+02 1.044971E-05 +/-  3.460480E-08
4.755000E+02 1.035256E-05 +/-  3.421251E-08
4.765000E+02 1.027048E-05 +/-  3.387901E-08
4.775000E+02 1.017271E-05 +/-  3.349422E-08
4.785000E+02 9.978769E-06 +/-  3.317424E-08
4.795000E+02 9.951036E-06 +/-  3.370255E-08
4.805000E+02 9.816781E-06 +/-  3.325358E-08
4.815000E+02 9.732896E-06 +/-  3.291603E-08
4.825000E+02 9.626806E-06 +/-  3.254991E-08
4.835000E+02 9.484911E-06 +/-  3.207806E-08
4.845000E+02 9.370002E-06 +/-  3.208019E-08
4.855000E+02 9.386864E-06 +/-  3.196207E-08
4.865000E+02 9.223991E-06 +/-  3.153830E-08
4.875000E+02 9.095545E-06 +/-  3.121643E-08
4.885000E+02 9.016521E-06 +/-  3.088397E-08
4.895000E+02 8.946829E-06 +/-  3.076593E-08
4.905000E+02 8.846898E-06 +/-  3.066800E-08
4.915000E+02 8.713608E-06 +/-  3.062768E-08
4.925000E+02 8.692656E-06 +/-  3.041632E-08
4.935000E+02 8.563183E-06 +/-  2.998705E-08
4.945000E+02 8.450490E-06 +/-  2.960585E-08
4.955000E+02 8.427360E-06 +/-  2.946254E-08
4.965000E+02 8.288184E-06 +/-  2.939676E-08
4.975000E+02 8.233497E-06 +/-  2.925812E-08
4.985000E+02 8.139652E-06 +/-  2.891655E-08
4.995000E+02 8.090918E-06 +/-  2.865787E-08
5.005000E+02 8.002895E-06 +/-  2.838020E-08
5.015000E+02 7.886478E-06 +/-  2.824545E-08
5.025000E+02 7.783355E-06 +/-  2.786692E-08
5.035000E+02 7.725737E-06 +/-  2.762003E-08
5.045000E+02 7.667617E-06 +/-  2.788270E-08
5.055000E+02 7.581492E-06 +/-  2.769309E-08
5.065000E+02 7.521667E-06 +/-  2.741625E-08
5.075000E+02 7.438923E-06 +/-  2.713477E-08
5.085000E+02 7.305448E-06 +/-  2.671121E-08
5.095000E+02 7.320617E-06 +/-  2.664626E-08
5.105000E+02 7.240452E-06 +/-  2.678727E-08
5.115000E+02 7.135950E-06 +/-  2.642745E-08
5.125000E+02 7.064149E-06 +/-  2.612206E-08
5.135000E+02 7.000328E-06 +/-  2.616402E-08
5.145000E+02 6.937646E-06 +/-  2.601904E-08
5.155000E+02 6.858037E-06 +/-  2.573225E-08
5.165000E+02 6.766481E-06 +/-  2.539284E-08
5.175000E+02 6.734879E-06 +/-  2.520318E-08
5.185000E+02 6.672813E-06 +/-  2.492865E-08
5.195000E+02 6.559500E-06 +/-  2.474827E-08
5.205000E+02 6.542535E-06 +/-  2.495722E-08
5.215000E+02 6.477041E-06 +/-  2.471855E-08
5.225000E+02 6.401149E-06 +/-  2.440987E-08
5.235000E+02 6.349247E-06 +/-  2.428469E-08
5.245000E+02 6.276492E-06 +/-  2.398216E-08
5.255000E+02 6.226895E-06 +/-  2.405467E-08
5.265000E+02 6.176932E-06 +/-  2.402432E-08
5.275000E+02 6.043069E-06 +/-  2.387879E-08
5.285000E+02 6.035653E-06 +/-  2.372235E-08
5.295000E+02 6.000156E-06 +/-  2.353196E-08
5.305000E+02 5.934230E-06 +/-  2.326209E-08
5.315000E+02 5.830510E-06 +/-  2.291345E-08
5.325000E+02 5.824435E-06 +/-  2.284422E-08
5.335000E+02 5.776149E-06 +/-  2.261688E-08
5.345000E+02 5.699372E-06 +/-  2.236442E-08
5.355000E+02 5.660739E-06 +/-  2.215267E-08
5.365000E+02 5.602039E-06 +/-  2.191211E-08
5.375000E+02 5.529206E-06 +/-  2.176298E-08
5.385000E+02 5.445002E-06 +/-  2.203113E-08
5.395000E+02 5.448449E-06 +/-  2.194444E-08
5.405000E+02 5.393223E-06 +/-  2.166171E-08
5.415000E+02 5.320768E-06 +/-  2.145665E-08
5.425000E+02 5.312683E-06 +/-  2.164798E-08
5.435000E+02 5.207077E-06 +/-  2.170462E-08
5.445000E+02 5.164824E-06 +/-  2.167623E-08
5.455000E+02 5.121164E-06 +/-  2.149097E-08
5.465000E+02 5.118549E-06 +/-  2.133388E-08
5.475000E+02 5.029291E-06 +/-  2.103283E-08
5.485000E+02 4.959138E-06 +/-  2.078433E-08
5.495000E+02 4.950556E-06 +/-  2.063548E-08
5.505000E+02 4.919073E-06 +/-  2.048480E-08
5.515000E+02 4.856923E-06 +/-  2.024427E-08
5.525000E+02 4.784299E-06 +/-  1.994684E-08
5.535000E+02 4.778484E-06 +/-  1.991329E-08
5.545000E+02 4.731647E-06 +/-  1.967373E-08
5.555000E+02 4.671055E-06 +/-  1.946365E-08
5.565000E+02 4.596608E-06 +/-  1.920934E-08
5.575000E+02 4.571628E-06 +/-  1.901413E-08
5.585000E+02 4.570997E-06 +/-  1.902097E-08
5.595000E+02 4.509684E-06 +/-  1.908970E-08
5.605000E+02 4.443095E-06 +/-  1.940635E-08
5.615000E+02 4.439985E-06 +/-  1.931121E-08
5.625000E+02 4.397463E-06 +/-  1.910131E-08
5.635000E+02 4.333911E-06 +/-  1.890911E-08
5.645000E+02 4.290231E-06 +/-  1.881880E-08
5.655000E+02 4.241427E-06 +/-  1.898457E-08
5.665000E+02 4.210087E-06 +/-  1.884577E-08
5.675000E+02 4.200058E-06 +/-  1.872371E-08
5.685000E+02 4.153510E-06 +/-  1.851880E-08
5.695000E+02 4.158107E-06 +/-  1.844527E-08
5.705000E+02 4.061227E-06 +/-  1.810342E-08
5.715000E+02 4.031083E-06 +/-  1.794341E-08
5.725000E+02 3.972883E-06 +/-  1.770009E-08
5.735000E+02 3.989156E-06 +/-  1.768202E-08
5.745000E+02 3.903105E-06 +/-  1.738566E-08
5.755000E+02 3.896800E-06 +/-  1.731750E-08
5.765000E+02 3.866693E-06 +/-  1.715882E-08
5.775000E+02 3.817671E-06 +/-  1.717789E-08
5.785000E+02 3.796423E-06 +/-  1.709439E-08
5.795000E+02 3.760241E-06 +/-  1.686588E-08
5.805000E+02 3.734496E-06 +/-  1.676357E-08
5.815000E+02 3.703493E-06 +/-  1.659791E-08
5.825000E+02 3.643668E-06 +/-  1.636483E-08
5.835000E+02 3.583804E-06 +/-  1.611048E-08
5.845000E+02 3.576665E-06 +/-  1.603813E-08
5.855000E+02 3.569295E-06 +/-  1.595021E-08
5.865000E+02 3.525805E-06 +/-  1.585534E-08
5.875000E+02 3.514464E-06 +/-  1.634227E-08
5.885000E+02 3.476839E-06 +/-  1.617691E-08
5.895000E+02 3.443207E-06 +/-  1.599649E-08
5.905000E+02 3.429195E-06 +/-  1.627689E-08
5.915000E+02 3.336262E-06 +/-  1.600629E-08
5.925000E+02 3.337090E-06 +/-  1.591683E-08
5.935000E+02 3.335524E-06 +/-  1.585310E-08
5.945000E+02 3.280991E-06 +/-  1.562941E-08
5.955000E+02 3.258425E-06 +/-  1.548137E-08
5.965000E+02 3.229896E-06 +/-  1.537702E-08
5.975000E+02 3.196368E-06 +/-  1.536780E-08
5.985000E+02 3.177916E-06 +/-  1.532163E-08
5.995000E+02 3.161076E-06 +/-  1.520467E-08
6.005000E+02 3.134951E-06 +/-  1.507863E-08
6.015000E+02 3.085689E-06 +/-  1.483418E-08
6.025000E+02 3.068686E-06 +/-  1.477005E-08
6.035000E+02 3.035957E-06 +/-  1.456851E-08
6.045000E+02 3.001573E-06 +/-  1.443919E-08
6.055000E+02 2.994827E-06 +/-  1.433805E-08
6.065000E+02 2.981664E-06 +/-  1.424984E-08
6.075000E+02 2.933244E-06 +/-  1.405844E-08
6.085000E+02 2.909736E-06 +/-  1.394609E-08
6.095000E+02 2.885598E-06 +/-  1.381723E-08
6.105000E+02 2.867725E-06 +/-  1.371796E-08
6.115000E+02 2.867724E-06 +/-  1.367081E-08
6.125000E+02 2.817978E-06 +/-  1.344754E-08
6.135000E+02 2.784735E-06 +/-  1.329828E-08
6.145000E+02 2.791774E-06 +/-  1.327957E-08
6.155000E+02 2.702749E-06 +/-  1.295166E-08
6.165000E+02 2.738924E-06 +/-  1.300050E-08
6.175000E+02 2.692510E-06 +/-  1.284170E-08
6.185000E+02 2.654400E-06 +/-  1.265927E-08
6.195000E+02 2.659822E-06 +/-  1.260384E-08
