 u,U -> d,D
x-axis: "Mass{p3+p4}"  from 320.000000 to 620.000000 N_bins= 300
Diff. cross section [pb/GeV]
3.205000E+02 4.533417E-01 +/-  1.045141E-03
3.215000E+02 4.483032E-01 +/-  1.033580E-03
3.225000E+02 4.433204E-01 +/-  1.021883E-03
3.235000E+02 4.367460E-01 +/-  1.004293E-03
3.245000E+02 4.321344E-01 +/-  9.955434E-04
3.255000E+02 4.262682E-01 +/-  9.836795E-04
3.265000E+02 4.213165E-01 +/-  9.685580E-04
3.275000E+02 4.155476E-01 +/-  9.565078E-04
3.285000E+02 4.110880E-01 +/-  9.493193E-04
3.295000E+02 4.064787E-01 +/-  9.411648E-04
3.305000E+02 4.005114E-01 +/-  9.256536E-04
3.315000E+02 3.959226E-01 +/-  9.182028E-04
3.325000E+02 3.917380E-01 +/-  9.070091E-04
3.335000E+02 3.852053E-01 +/-  8.870932E-04
3.345000E+02 3.827130E-01 +/-  8.897335E-04
3.355000E+02 3.775867E-01 +/-  8.746905E-04
3.365000E+02 3.723171E-01 +/-  8.665284E-04
3.375000E+02 3.685127E-01 +/-  8.616548E-04
3.385000E+02 3.643562E-01 +/-  8.492607E-04
3.395000E+02 3.589869E-01 +/-  8.420300E-04
3.405000E+02 3.559958E-01 +/-  8.352667E-04
3.415000E+02 3.501680E-01 +/-  8.206235E-04
3.425000E+02 3.474921E-01 +/-  8.139756E-04
3.435000E+02 3.424263E-01 +/-  8.001998E-04
3.445000E+02 3.394737E-01 +/-  7.983995E-04
3.455000E+02 3.343191E-01 +/-  7.892176E-04
3.465000E+02 3.316865E-01 +/-  7.884553E-04
3.475000E+02 3.266078E-01 +/-  7.755555E-04
3.485000E+02 3.240812E-01 +/-  7.712454E-04
3.495000E+02 3.194993E-01 +/-  7.566496E-04
3.505000E+02 3.155117E-01 +/-  7.494395E-04
3.515000E+02 3.121980E-01 +/-  7.443807E-04
3.525000E+02 3.089391E-01 +/-  7.364088E-04
3.535000E+02 3.049249E-01 +/-  7.285557E-04
3.545000E+02 3.018674E-01 +/-  7.223470E-04
3.555000E+02 2.979760E-01 +/-  7.164362E-04
3.565000E+02 2.946240E-01 +/-  7.105184E-04
3.575000E+02 2.916421E-01 +/-  7.032117E-04
3.585000E+02 2.879602E-01 +/-  6.929553E-04
3.595000E+02 2.850763E-01 +/-  6.894317E-04
3.605000E+02 2.818828E-01 +/-  6.786262E-04
3.615000E+02 2.777260E-01 +/-  6.682194E-04
3.625000E+02 2.755623E-01 +/-  6.756389E-04
3.635000E+02 2.720471E-01 +/-  6.650385E-04
3.645000E+02 2.696296E-01 +/-  6.580354E-04
3.655000E+02 2.661057E-01 +/-  6.522901E-04
3.665000E+02 2.639172E-01 +/-  6.475831E-04
3.675000E+02 2.595851E-01 +/-  6.339060E-04
3.685000E+02 2.574824E-01 +/-  6.324340E-04
3.695000E+02 2.542584E-01 +/-  6.250471E-04
3.705000E+02 2.518945E-01 +/-  6.228594E-04
3.715000E+02 2.494953E-01 +/-  6.187779E-04
3.725000E+02 2.454693E-01 +/-  6.075740E-04
3.735000E+02 2.445132E-01 +/-  6.076641E-04
3.745000E+02 2.405634E-01 +/-  5.984820E-04
3.755000E+02 2.382423E-01 +/-  5.947963E-04
3.765000E+02 2.355195E-01 +/-  5.870886E-04
3.775000E+02 2.332071E-01 +/-  5.815584E-04
3.785000E+02 2.305972E-01 +/-  5.772567E-04
3.795000E+02 2.277794E-01 +/-  5.734039E-04
3.805000E+02 2.257510E-01 +/-  5.675238E-04
3.815000E+02 2.228181E-01 +/-  5.618195E-04
3.825000E+02 2.212797E-01 +/-  5.585013E-04
3.835000E+02 2.182421E-01 +/-  5.550172E-04
3.845000E+02 2.166167E-01 +/-  5.501547E-04
3.855000E+02 2.135157E-01 +/-  5.448521E-04
3.865000E+02 2.117315E-01 +/-  5.387902E-04
3.875000E+02 2.094451E-01 +/-  5.356500E-04
3.885000E+02 2.076574E-01 +/-  5.320771E-04
3.895000E+02 2.050990E-01 +/-  5.238882E-04
3.905000E+02 2.020548E-01 +/-  5.189048E-04
3.915000E+02 2.008667E-01 +/-  5.174217E-04
3.925000E+02 1.983455E-01 +/-  5.125294E-04
3.935000E+02 1.965043E-01 +/-  5.091759E-04
3.945000E+02 1.947228E-01 +/-  5.053637E-04
3.955000E+02 1.919455E-01 +/-  4.982503E-04
3.965000E+02 1.905373E-01 +/-  4.962981E-04
3.975000E+02 1.885461E-01 +/-  4.927668E-04
3.985000E+02 1.860971E-01 +/-  4.880235E-04
3.995000E+02 1.855183E-01 +/-  4.865663E-04
4.005000E+02 1.815570E-01 +/-  4.768019E-04
4.015000E+02 1.814042E-01 +/-  4.774924E-04
4.025000E+02 1.789376E-01 +/-  4.725766E-04
4.035000E+02 1.774667E-01 +/-  4.697940E-04
4.045000E+02 1.752385E-01 +/-  4.642532E-04
4.055000E+02 1.733259E-01 +/-  4.602933E-04
4.065000E+02 1.717650E-01 +/-  4.570411E-04
4.075000E+02 1.699771E-01 +/-  4.520604E-04
4.085000E+02 1.682371E-01 +/-  4.512719E-04
4.095000E+02 1.667720E-01 +/-  4.467479E-04
4.105000E+02 1.641794E-01 +/-  4.413741E-04
4.115000E+02 1.635667E-01 +/-  4.397639E-04
4.125000E+02 1.616683E-01 +/-  4.347804E-04
4.135000E+02 1.603771E-01 +/-  4.341872E-04
4.145000E+02 1.583066E-01 +/-  4.291193E-04
4.155000E+02 1.568099E-01 +/-  4.257192E-04
4.165000E+02 1.553416E-01 +/-  4.232460E-04
4.175000E+02 1.536631E-01 +/-  4.189875E-04
4.185000E+02 1.520168E-01 +/-  4.154821E-04
4.195000E+02 1.506316E-01 +/-  4.131188E-04
4.205000E+02 1.493570E-01 +/-  4.101213E-04
4.215000E+02 1.476303E-01 +/-  4.082901E-04
4.225000E+02 1.459796E-01 +/-  4.038521E-04
4.235000E+02 1.453988E-01 +/-  4.010990E-04
4.245000E+02 1.437038E-01 +/-  3.983262E-04
4.255000E+02 1.415265E-01 +/-  3.945365E-04
4.265000E+02 1.407891E-01 +/-  3.916401E-04
4.275000E+02 1.392663E-01 +/-  3.906751E-04
4.285000E+02 1.381764E-01 +/-  3.867372E-04
4.295000E+02 1.366903E-01 +/-  3.832644E-04
4.305000E+02 1.349605E-01 +/-  3.796586E-04
4.315000E+02 1.341809E-01 +/-  3.781975E-04
4.325000E+02 1.319000E-01 +/-  3.724911E-04
4.335000E+02 1.320268E-01 +/-  3.751692E-04
4.345000E+02 1.303168E-01 +/-  3.701661E-04
4.355000E+02 1.282632E-01 +/-  3.652247E-04
4.365000E+02 1.284757E-01 +/-  3.659625E-04
4.375000E+02 1.262587E-01 +/-  3.607923E-04
4.385000E+02 1.248307E-01 +/-  3.574821E-04
4.395000E+02 1.245057E-01 +/-  3.583549E-04
4.405000E+02 1.226590E-01 +/-  3.547715E-04
4.415000E+02 1.217893E-01 +/-  3.513629E-04
4.425000E+02 1.202748E-01 +/-  3.481165E-04
4.435000E+02 1.198250E-01 +/-  3.468528E-04
4.445000E+02 1.185078E-01 +/-  3.438106E-04
4.455000E+02 1.170998E-01 +/-  3.403416E-04
4.465000E+02 1.162600E-01 +/-  3.411776E-04
4.475000E+02 1.148958E-01 +/-  3.375888E-04
4.485000E+02 1.139400E-01 +/-  3.341520E-04
4.495000E+02 1.128360E-01 +/-  3.317410E-04
4.505000E+02 1.118879E-01 +/-  3.298856E-04
4.515000E+02 1.112041E-01 +/-  3.286166E-04
4.525000E+02 1.093677E-01 +/-  3.234561E-04
4.535000E+02 1.087820E-01 +/-  3.238558E-04
4.545000E+02 1.077445E-01 +/-  3.223217E-04
4.555000E+02 1.068582E-01 +/-  3.192797E-04
4.565000E+02 1.060781E-01 +/-  3.159778E-04
4.575000E+02 1.048356E-01 +/-  3.146739E-04
4.585000E+02 1.039307E-01 +/-  3.130335E-04
4.595000E+02 1.029178E-01 +/-  3.099069E-04
4.605000E+02 1.022347E-01 +/-  3.077775E-04
4.615000E+02 1.009948E-01 +/-  3.073882E-04
4.625000E+02 1.002370E-01 +/-  3.052543E-04
4.635000E+02 9.904774E-02 +/-  3.020056E-04
4.645000E+02 9.834868E-02 +/-  2.990576E-04
4.655000E+02 9.743006E-02 +/-  2.989804E-04
4.665000E+02 9.700287E-02 +/-  2.975662E-04
4.675000E+02 9.568678E-02 +/-  2.937190E-04
4.685000E+02 9.496722E-02 +/-  2.916540E-04
4.695000E+02 9.383884E-02 +/-  2.903177E-04
4.705000E+02 9.332925E-02 +/-  2.898178E-04
4.715000E+02 9.284603E-02 +/-  2.878909E-04
4.725000E+02 9.113038E-02 +/-  2.834027E-04
4.735000E+02 9.064729E-02 +/-  2.829125E-04
4.745000E+02 8.986091E-02 +/-  2.817541E-04
4.755000E+02 8.919496E-02 +/-  2.792265E-04
4.765000E+02 8.834537E-02 +/-  2.763541E-04
4.775000E+02 8.778141E-02 +/-  2.759852E-04
4.785000E+02 8.685784E-02 +/-  2.733189E-04
4.795000E+02 8.589540E-02 +/-  2.729228E-04
4.805000E+02 8.500014E-02 +/-  2.705648E-04
4.815000E+02 8.487456E-02 +/-  2.694784E-04
4.825000E+02 8.356373E-02 +/-  2.658706E-04
4.835000E+02 8.324372E-02 +/-  2.665650E-04
4.845000E+02 8.226617E-02 +/-  2.635371E-04
4.855000E+02 8.167457E-02 +/-  2.612060E-04
4.865000E+02 8.060898E-02 +/-  2.598082E-04
4.875000E+02 8.057094E-02 +/-  2.584772E-04
4.885000E+02 7.951414E-02 +/-  2.572736E-04
4.895000E+02 7.872722E-02 +/-  2.568250E-04
4.905000E+02 7.799773E-02 +/-  2.543259E-04
4.915000E+02 7.747577E-02 +/-  2.520455E-04
4.925000E+02 7.711314E-02 +/-  2.504317E-04
4.935000E+02 7.632870E-02 +/-  2.504183E-04
4.945000E+02 7.549318E-02 +/-  2.475648E-04
4.955000E+02 7.516290E-02 +/-  2.464523E-04
4.965000E+02 7.410387E-02 +/-  2.454414E-04
4.975000E+02 7.336218E-02 +/-  2.431200E-04
4.985000E+02 7.312258E-02 +/-  2.414710E-04
4.995000E+02 7.203284E-02 +/-  2.397518E-04
5.005000E+02 7.180865E-02 +/-  2.398391E-04
5.015000E+02 7.111520E-02 +/-  2.373711E-04
5.025000E+02 7.049414E-02 +/-  2.351413E-04
5.035000E+02 7.019444E-02 +/-  2.341979E-04
5.045000E+02 6.947282E-02 +/-  2.342292E-04
5.055000E+02 6.865342E-02 +/-  2.322699E-04
5.065000E+02 6.818951E-02 +/-  2.324193E-04
5.075000E+02 6.792316E-02 +/-  2.306608E-04
5.085000E+02 6.695559E-02 +/-  2.277160E-04
5.095000E+02 6.658873E-02 +/-  2.258503E-04
5.105000E+02 6.586339E-02 +/-  2.236687E-04
5.115000E+02 6.522075E-02 +/-  2.235237E-04
5.125000E+02 6.493569E-02 +/-  2.226969E-04
5.135000E+02 6.443234E-02 +/-  2.214911E-04
5.145000E+02 6.405442E-02 +/-  2.199112E-04
5.155000E+02 6.330899E-02 +/-  2.183092E-04
5.165000E+02 6.246475E-02 +/-  2.174350E-04
5.175000E+02 6.275220E-02 +/-  2.186325E-04
5.185000E+02 6.146302E-02 +/-  2.154424E-04
5.195000E+02 6.130551E-02 +/-  2.138511E-04
5.205000E+02 6.056974E-02 +/-  2.116285E-04
5.215000E+02 6.026351E-02 +/-  2.102193E-04
5.225000E+02 5.967100E-02 +/-  2.086430E-04
5.235000E+02 5.949642E-02 +/-  2.072360E-04
5.245000E+02 5.869126E-02 +/-  2.071684E-04
5.255000E+02 5.823975E-02 +/-  2.063571E-04
5.265000E+02 5.767754E-02 +/-  2.043187E-04
5.275000E+02 5.761823E-02 +/-  2.033157E-04
5.285000E+02 5.691433E-02 +/-  2.032708E-04
5.295000E+02 5.639968E-02 +/-  2.041932E-04
5.305000E+02 5.602480E-02 +/-  2.027154E-04
5.315000E+02 5.603141E-02 +/-  2.023883E-04
5.325000E+02 5.485491E-02 +/-  1.990143E-04
5.335000E+02 5.462814E-02 +/-  1.977461E-04
5.345000E+02 5.436058E-02 +/-  1.960968E-04
5.355000E+02 5.353726E-02 +/-  1.937022E-04
5.365000E+02 5.366765E-02 +/-  1.931511E-04
5.375000E+02 5.266326E-02 +/-  1.903707E-04
5.385000E+02 5.279497E-02 +/-  1.900068E-04
5.395000E+02 5.185905E-02 +/-  1.905109E-04
5.405000E+02 5.193215E-02 +/-  1.903581E-04
5.415000E+02 5.111665E-02 +/-  1.893938E-04
5.425000E+02 5.099130E-02 +/-  1.886284E-04
5.435000E+02 5.041821E-02 +/-  1.897941E-04
5.445000E+02 5.006047E-02 +/-  1.881163E-04
5.455000E+02 4.985843E-02 +/-  1.868176E-04
5.465000E+02 4.940329E-02 +/-  1.851327E-04
5.475000E+02 4.876258E-02 +/-  1.828578E-04
5.485000E+02 4.858376E-02 +/-  1.819333E-04
5.495000E+02 4.795874E-02 +/-  1.801163E-04
5.505000E+02 4.765901E-02 +/-  1.788194E-04
5.515000E+02 4.773961E-02 +/-  1.782399E-04
5.525000E+02 4.706355E-02 +/-  1.760755E-04
5.535000E+02 4.689732E-02 +/-  1.750227E-04
5.545000E+02 4.608453E-02 +/-  1.728985E-04
5.555000E+02 4.588456E-02 +/-  1.754336E-04
5.565000E+02 4.568296E-02 +/-  1.753295E-04
5.575000E+02 4.491264E-02 +/-  1.731538E-04
5.585000E+02 4.513771E-02 +/-  1.728013E-04
5.595000E+02 4.486014E-02 +/-  1.745148E-04
5.605000E+02 4.433046E-02 +/-  1.728476E-04
5.615000E+02 4.390418E-02 +/-  1.713179E-04
5.625000E+02 4.348840E-02 +/-  1.696734E-04
5.635000E+02 4.333837E-02 +/-  1.687169E-04
5.645000E+02 4.285637E-02 +/-  1.669101E-04
5.655000E+02 4.262166E-02 +/-  1.657279E-04
5.665000E+02 4.201393E-02 +/-  1.634573E-04
5.675000E+02 4.195755E-02 +/-  1.629209E-04
5.685000E+02 4.161121E-02 +/-  1.614332E-04
5.695000E+02 4.125436E-02 +/-  1.618564E-04
5.705000E+02 4.120079E-02 +/-  1.615588E-04
5.715000E+02 4.059095E-02 +/-  1.594680E-04
5.725000E+02 4.051622E-02 +/-  1.586091E-04
5.735000E+02 4.007742E-02 +/-  1.571414E-04
5.745000E+02 3.974556E-02 +/-  1.594797E-04
5.755000E+02 3.937355E-02 +/-  1.581864E-04
5.765000E+02 3.932222E-02 +/-  1.572556E-04
5.775000E+02 3.898610E-02 +/-  1.585857E-04
5.785000E+02 3.862541E-02 +/-  1.577590E-04
5.795000E+02 3.831259E-02 +/-  1.563933E-04
5.805000E+02 3.822099E-02 +/-  1.557043E-04
5.815000E+02 3.768392E-02 +/-  1.537968E-04
5.825000E+02 3.757648E-02 +/-  1.530397E-04
5.835000E+02 3.719226E-02 +/-  1.513634E-04
5.845000E+02 3.699447E-02 +/-  1.504443E-04
5.855000E+02 3.646302E-02 +/-  1.499372E-04
5.865000E+02 3.658486E-02 +/-  1.498548E-04
5.875000E+02 3.602679E-02 +/-  1.477714E-04
5.885000E+02 3.579235E-02 +/-  1.469470E-04
5.895000E+02 3.555637E-02 +/-  1.460989E-04
5.905000E+02 3.564291E-02 +/-  1.457012E-04
5.915000E+02 3.502707E-02 +/-  1.435246E-04
5.925000E+02 3.478551E-02 +/-  1.425810E-04
5.935000E+02 3.435627E-02 +/-  1.406858E-04
5.945000E+02 3.438430E-02 +/-  1.403849E-04
5.955000E+02 3.420239E-02 +/-  1.407681E-04
5.965000E+02 3.370232E-02 +/-  1.413089E-04
5.975000E+02 3.376277E-02 +/-  1.420661E-04
5.985000E+02 3.329755E-02 +/-  1.416232E-04
5.995000E+02 3.316110E-02 +/-  1.409107E-04
6.005000E+02 3.292291E-02 +/-  1.398188E-04
6.015000E+02 3.251756E-02 +/-  1.386023E-04
6.025000E+02 3.242968E-02 +/-  1.388683E-04
6.035000E+02 3.202434E-02 +/-  1.371559E-04
6.045000E+02 3.196752E-02 +/-  1.366601E-04
6.055000E+02 3.161551E-02 +/-  1.352503E-04
6.065000E+02 3.132593E-02 +/-  1.339453E-04
6.075000E+02 3.126830E-02 +/-  1.333707E-04
6.085000E+02 3.105858E-02 +/-  1.324027E-04
6.095000E+02 3.080519E-02 +/-  1.313351E-04
6.105000E+02 3.050963E-02 +/-  1.303470E-04
6.115000E+02 3.052775E-02 +/-  1.299843E-04
6.125000E+02 3.026803E-02 +/-  1.288808E-04
6.135000E+02 2.991303E-02 +/-  1.272887E-04
6.145000E+02 2.967285E-02 +/-  1.263588E-04
6.155000E+02 2.938172E-02 +/-  1.249509E-04
6.165000E+02 2.948128E-02 +/-  1.248628E-04
6.175000E+02 2.921739E-02 +/-  1.238755E-04
6.185000E+02 2.909053E-02 +/-  1.229489E-04
6.195000E+02 2.853385E-02 +/-  1.212506E-04
