 u,U -> d,D
x-axis: "Mass{p3+p4}"  from 920.000000 to 1220.000000 N_bins= 300
Diff. cross section [pb/GeV]
9.205000E+02 3.951292E-06 +/-  9.498848E-09
9.215000E+02 3.934848E-06 +/-  9.472606E-09
9.225000E+02 3.900688E-06 +/-  9.364829E-09
9.235000E+02 3.904794E-06 +/-  9.394870E-09
9.245000E+02 3.874250E-06 +/-  9.333619E-09
9.255000E+02 3.847219E-06 +/-  9.246906E-09
9.265000E+02 3.841521E-06 +/-  9.234721E-09
9.275000E+02 3.816370E-06 +/-  9.202116E-09
9.285000E+02 3.786604E-06 +/-  9.132368E-09
9.295000E+02 3.784937E-06 +/-  9.128407E-09
9.305000E+02 3.751818E-06 +/-  9.045850E-09
9.315000E+02 3.744540E-06 +/-  9.075984E-09
9.325000E+02 3.726584E-06 +/-  9.015748E-09
9.335000E+02 3.700723E-06 +/-  8.958015E-09
9.345000E+02 3.700854E-06 +/-  8.980499E-09
9.355000E+02 3.654813E-06 +/-  8.865638E-09
9.365000E+02 3.654084E-06 +/-  8.873059E-09
9.375000E+02 3.624507E-06 +/-  8.814099E-09
9.385000E+02 3.619024E-06 +/-  8.808323E-09
9.395000E+02 3.594433E-06 +/-  8.756534E-09
9.405000E+02 3.581434E-06 +/-  8.732720E-09
9.415000E+02 3.568898E-06 +/-  8.725199E-09
9.425000E+02 3.539738E-06 +/-  8.677081E-09
9.435000E+02 3.523094E-06 +/-  8.620993E-09
9.445000E+02 3.511106E-06 +/-  8.581408E-09
9.455000E+02 3.498924E-06 +/-  8.592394E-09
9.465000E+02 3.460592E-06 +/-  8.489609E-09
9.475000E+02 3.469278E-06 +/-  8.501470E-09
9.485000E+02 3.439393E-06 +/-  8.469574E-09
9.495000E+02 3.425358E-06 +/-  8.435371E-09
9.505000E+02 3.411946E-06 +/-  8.405793E-09
9.515000E+02 3.394925E-06 +/-  8.362569E-09
9.525000E+02 3.375692E-06 +/-  8.357692E-09
9.535000E+02 3.361018E-06 +/-  8.320868E-09
9.545000E+02 3.343289E-06 +/-  8.265591E-09
9.555000E+02 3.322652E-06 +/-  8.240073E-09
9.565000E+02 3.310398E-06 +/-  8.205234E-09
9.575000E+02 3.290195E-06 +/-  8.176859E-09
9.585000E+02 3.284282E-06 +/-  8.166827E-09
9.595000E+02 3.260525E-06 +/-  8.093030E-09
9.605000E+02 3.253264E-06 +/-  8.100704E-09
9.615000E+02 3.228663E-06 +/-  8.049714E-09
9.625000E+02 3.206662E-06 +/-  7.997037E-09
9.635000E+02 3.211873E-06 +/-  8.026082E-09
9.645000E+02 3.193700E-06 +/-  7.985231E-09
9.655000E+02 3.163249E-06 +/-  7.924300E-09
9.665000E+02 3.153463E-06 +/-  7.910884E-09
9.675000E+02 3.136052E-06 +/-  7.869815E-09
9.685000E+02 3.121855E-06 +/-  7.846803E-09
9.695000E+02 3.113280E-06 +/-  7.829639E-09
9.705000E+02 3.097348E-06 +/-  7.793323E-09
9.715000E+02 3.075517E-06 +/-  7.757542E-09
9.725000E+02 3.068098E-06 +/-  7.736379E-09
9.735000E+02 3.050748E-06 +/-  7.697468E-09
9.745000E+02 3.036809E-06 +/-  7.667739E-09
9.755000E+02 3.027058E-06 +/-  7.654905E-09
9.765000E+02 2.999806E-06 +/-  7.610022E-09
9.775000E+02 3.001978E-06 +/-  7.606379E-09
9.785000E+02 2.976675E-06 +/-  7.556183E-09
9.795000E+02 2.959810E-06 +/-  7.509768E-09
9.805000E+02 2.954363E-06 +/-  7.526402E-09
9.815000E+02 2.936795E-06 +/-  7.484244E-09
9.825000E+02 2.921981E-06 +/-  7.461262E-09
9.835000E+02 2.911374E-06 +/-  7.429239E-09
9.845000E+02 2.896793E-06 +/-  7.395019E-09
9.855000E+02 2.877417E-06 +/-  7.364922E-09
9.865000E+02 2.868976E-06 +/-  7.356087E-09
9.875000E+02 2.855851E-06 +/-  7.319224E-09
9.885000E+02 2.845221E-06 +/-  7.291306E-09
9.895000E+02 2.828570E-06 +/-  7.265856E-09
9.905000E+02 2.809824E-06 +/-  7.234926E-09
9.915000E+02 2.816663E-06 +/-  7.236929E-09
9.925000E+02 2.783244E-06 +/-  7.177189E-09
9.935000E+02 2.780153E-06 +/-  7.171592E-09
9.945000E+02 2.760273E-06 +/-  7.126998E-09
9.955000E+02 2.750711E-06 +/-  7.105907E-09
9.965000E+02 2.735034E-06 +/-  7.084822E-09
9.975000E+02 2.730305E-06 +/-  7.067474E-09
9.985000E+02 2.700841E-06 +/-  7.009259E-09
9.995000E+02 2.701082E-06 +/-  7.008811E-09
1.000500E+03 2.684762E-06 +/-  6.975174E-09
1.001500E+03 2.679993E-06 +/-  6.972615E-09
1.002500E+03 2.659609E-06 +/-  6.933075E-09
1.003500E+03 2.653646E-06 +/-  6.923659E-09
1.004500E+03 2.628569E-06 +/-  6.875204E-09
1.005500E+03 2.625803E-06 +/-  6.858472E-09
1.006500E+03 2.612175E-06 +/-  6.828224E-09
1.007500E+03 2.600037E-06 +/-  6.823872E-09
1.008500E+03 2.591166E-06 +/-  6.806026E-09
1.009500E+03 2.573907E-06 +/-  6.766203E-09
1.010500E+03 2.570606E-06 +/-  6.743215E-09
1.011500E+03 2.549630E-06 +/-  6.712932E-09
1.012500E+03 2.546668E-06 +/-  6.701074E-09
1.013500E+03 2.526198E-06 +/-  6.678106E-09
1.014500E+03 2.515532E-06 +/-  6.649651E-09
1.015500E+03 2.504250E-06 +/-  6.617679E-09
1.016500E+03 2.499471E-06 +/-  6.602319E-09
1.017500E+03 2.482235E-06 +/-  6.576206E-09
1.018500E+03 2.475161E-06 +/-  6.576258E-09
1.019500E+03 2.445855E-06 +/-  6.513920E-09
1.020500E+03 2.458930E-06 +/-  6.528997E-09
1.021500E+03 2.432789E-06 +/-  6.469445E-09
1.022500E+03 2.434325E-06 +/-  6.475734E-09
1.023500E+03 2.418957E-06 +/-  6.455598E-09
1.024500E+03 2.402035E-06 +/-  6.426572E-09
1.025500E+03 2.390859E-06 +/-  6.396934E-09
1.026500E+03 2.386494E-06 +/-  6.375950E-09
1.027500E+03 2.368653E-06 +/-  6.340213E-09
1.028500E+03 2.360678E-06 +/-  6.343620E-09
1.029500E+03 2.354553E-06 +/-  6.323957E-09
1.030500E+03 2.329922E-06 +/-  6.280358E-09
1.031500E+03 2.341151E-06 +/-  6.285100E-09
1.032500E+03 2.310719E-06 +/-  6.229557E-09
1.033500E+03 2.313383E-06 +/-  6.227321E-09
1.034500E+03 2.294807E-06 +/-  6.208095E-09
1.035500E+03 2.288684E-06 +/-  6.200137E-09
1.036500E+03 2.272022E-06 +/-  6.159975E-09
1.037500E+03 2.272932E-06 +/-  6.150770E-09
1.038500E+03 2.253472E-06 +/-  6.100027E-09
1.039500E+03 2.255453E-06 +/-  6.120951E-09
1.040500E+03 2.235613E-06 +/-  6.088418E-09
1.041500E+03 2.218620E-06 +/-  6.069137E-09
1.042500E+03 2.228568E-06 +/-  6.050365E-09
1.043500E+03 2.198477E-06 +/-  6.002349E-09
1.044500E+03 2.199651E-06 +/-  5.990700E-09
1.045500E+03 2.182171E-06 +/-  5.979455E-09
1.046500E+03 2.174803E-06 +/-  5.963473E-09
1.047500E+03 2.171281E-06 +/-  5.956641E-09
1.048500E+03 2.150069E-06 +/-  5.917208E-09
1.049500E+03 2.150149E-06 +/-  5.894752E-09
1.050500E+03 2.146819E-06 +/-  5.891633E-09
1.051500E+03 2.121174E-06 +/-  5.848178E-09
1.052500E+03 2.125204E-06 +/-  5.865024E-09
1.053500E+03 2.105473E-06 +/-  5.826354E-09
1.054500E+03 2.099855E-06 +/-  5.801751E-09
1.055500E+03 2.092381E-06 +/-  5.784191E-09
1.056500E+03 2.081155E-06 +/-  5.753420E-09
1.057500E+03 2.074197E-06 +/-  5.753996E-09
1.058500E+03 2.064491E-06 +/-  5.738212E-09
1.059500E+03 2.048213E-06 +/-  5.708997E-09
1.060500E+03 2.042832E-06 +/-  5.689121E-09
1.061500E+03 2.031473E-06 +/-  5.656066E-09
1.062500E+03 2.031044E-06 +/-  5.647267E-09
1.063500E+03 2.011938E-06 +/-  5.620668E-09
1.064500E+03 2.005012E-06 +/-  5.618598E-09
1.065500E+03 2.009892E-06 +/-  5.628507E-09
1.066500E+03 1.993381E-06 +/-  5.590133E-09
1.067500E+03 1.979191E-06 +/-  5.554380E-09
1.068500E+03 1.975586E-06 +/-  5.536934E-09
1.069500E+03 1.964987E-06 +/-  5.513746E-09
1.070500E+03 1.957968E-06 +/-  5.519882E-09
1.071500E+03 1.951933E-06 +/-  5.506224E-09
1.072500E+03 1.931995E-06 +/-  5.471053E-09
1.073500E+03 1.929734E-06 +/-  5.456284E-09
1.074500E+03 1.917785E-06 +/-  5.419711E-09
1.075500E+03 1.925575E-06 +/-  5.426121E-09
1.076500E+03 1.898947E-06 +/-  5.388982E-09
1.077500E+03 1.897941E-06 +/-  5.394895E-09
1.078500E+03 1.887458E-06 +/-  5.375307E-09
1.079500E+03 1.877618E-06 +/-  5.354275E-09
1.080500E+03 1.876292E-06 +/-  5.338395E-09
1.081500E+03 1.856185E-06 +/-  5.292507E-09
1.082500E+03 1.860777E-06 +/-  5.295227E-09
1.083500E+03 1.848426E-06 +/-  5.283531E-09
1.084500E+03 1.841502E-06 +/-  5.278014E-09
1.085500E+03 1.833433E-06 +/-  5.261866E-09
1.086500E+03 1.817463E-06 +/-  5.227824E-09
1.087500E+03 1.813960E-06 +/-  5.207366E-09
1.088500E+03 1.812488E-06 +/-  5.192948E-09
1.089500E+03 1.795016E-06 +/-  5.163400E-09
1.090500E+03 1.793599E-06 +/-  5.169943E-09
1.091500E+03 1.785696E-06 +/-  5.155522E-09
1.092500E+03 1.777819E-06 +/-  5.144758E-09
1.093500E+03 1.764336E-06 +/-  5.115973E-09
1.094500E+03 1.761344E-06 +/-  5.097319E-09
1.095500E+03 1.759473E-06 +/-  5.081287E-09
1.096500E+03 1.747854E-06 +/-  5.066473E-09
1.097500E+03 1.736284E-06 +/-  5.045151E-09
1.098500E+03 1.730867E-06 +/-  5.044137E-09
1.099500E+03 1.719332E-06 +/-  5.021652E-09
1.100500E+03 1.722722E-06 +/-  5.023010E-09
1.101500E+03 1.704847E-06 +/-  4.981607E-09
1.102500E+03 1.705144E-06 +/-  4.973101E-09
1.103500E+03 1.695320E-06 +/-  4.953909E-09
1.104500E+03 1.687364E-06 +/-  4.944251E-09
1.105500E+03 1.680175E-06 +/-  4.929515E-09
1.106500E+03 1.672790E-06 +/-  4.920554E-09
1.107500E+03 1.658742E-06 +/-  4.897061E-09
1.108500E+03 1.662579E-06 +/-  4.888813E-09
1.109500E+03 1.651143E-06 +/-  4.863068E-09
1.110500E+03 1.641843E-06 +/-  4.844670E-09
1.111500E+03 1.635744E-06 +/-  4.836561E-09
1.112500E+03 1.631769E-06 +/-  4.819949E-09
1.113500E+03 1.624437E-06 +/-  4.816298E-09
1.114500E+03 1.616224E-06 +/-  4.796436E-09
1.115500E+03 1.609736E-06 +/-  4.785216E-09
1.116500E+03 1.602487E-06 +/-  4.768072E-09
1.117500E+03 1.594596E-06 +/-  4.743565E-09
1.118500E+03 1.586748E-06 +/-  4.725280E-09
1.119500E+03 1.587823E-06 +/-  4.733044E-09
1.120500E+03 1.574728E-06 +/-  4.699776E-09
1.121500E+03 1.566387E-06 +/-  4.688016E-09
1.122500E+03 1.563904E-06 +/-  4.685027E-09
1.123500E+03 1.554851E-06 +/-  4.671844E-09
1.124500E+03 1.547583E-06 +/-  4.643215E-09
1.125500E+03 1.539520E-06 +/-  4.627089E-09
1.126500E+03 1.536118E-06 +/-  4.618008E-09
1.127500E+03 1.529108E-06 +/-  4.607140E-09
1.128500E+03 1.526362E-06 +/-  4.586312E-09
1.129500E+03 1.513557E-06 +/-  4.571795E-09
1.130500E+03 1.507821E-06 +/-  4.560043E-09
1.131500E+03 1.507299E-06 +/-  4.564503E-09
1.132500E+03 1.496139E-06 +/-  4.540662E-09
1.133500E+03 1.492298E-06 +/-  4.530513E-09
1.134500E+03 1.482350E-06 +/-  4.498400E-09
1.135500E+03 1.482308E-06 +/-  4.503047E-09
1.136500E+03 1.468270E-06 +/-  4.470794E-09
1.137500E+03 1.462452E-06 +/-  4.452574E-09
1.138500E+03 1.459261E-06 +/-  4.454030E-09
1.139500E+03 1.455750E-06 +/-  4.452389E-09
1.140500E+03 1.451589E-06 +/-  4.446288E-09
1.141500E+03 1.439668E-06 +/-  4.417149E-09
1.142500E+03 1.434597E-06 +/-  4.399355E-09
1.143500E+03 1.438750E-06 +/-  4.403069E-09
1.144500E+03 1.422324E-06 +/-  4.370929E-09
1.145500E+03 1.417554E-06 +/-  4.355605E-09
1.146500E+03 1.406133E-06 +/-  4.324718E-09
1.147500E+03 1.405542E-06 +/-  4.340896E-09
1.148500E+03 1.402145E-06 +/-  4.340972E-09
1.149500E+03 1.393770E-06 +/-  4.315366E-09
1.150500E+03 1.390113E-06 +/-  4.300671E-09
1.151500E+03 1.382821E-06 +/-  4.285802E-09
1.152500E+03 1.376298E-06 +/-  4.272948E-09
1.153500E+03 1.367797E-06 +/-  4.248496E-09
1.154500E+03 1.365600E-06 +/-  4.241519E-09
1.155500E+03 1.363697E-06 +/-  4.233427E-09
1.156500E+03 1.351386E-06 +/-  4.215458E-09
1.157500E+03 1.343772E-06 +/-  4.213887E-09
1.158500E+03 1.345961E-06 +/-  4.208146E-09
1.159500E+03 1.337491E-06 +/-  4.187174E-09
1.160500E+03 1.337790E-06 +/-  4.181373E-09
1.161500E+03 1.325046E-06 +/-  4.160405E-09
1.162500E+03 1.315731E-06 +/-  4.140967E-09
1.163500E+03 1.317206E-06 +/-  4.136331E-09
1.164500E+03 1.309007E-06 +/-  4.111477E-09
1.165500E+03 1.306072E-06 +/-  4.105412E-09
1.166500E+03 1.299829E-06 +/-  4.100581E-09
1.167500E+03 1.289512E-06 +/-  4.089608E-09
1.168500E+03 1.293503E-06 +/-  4.087784E-09
1.169500E+03 1.278505E-06 +/-  4.056186E-09
1.170500E+03 1.285708E-06 +/-  4.075193E-09
1.171500E+03 1.269791E-06 +/-  4.041478E-09
1.172500E+03 1.268624E-06 +/-  4.032436E-09
1.173500E+03 1.257474E-06 +/-  4.003243E-09
1.174500E+03 1.261633E-06 +/-  3.999107E-09
1.175500E+03 1.251316E-06 +/-  3.981340E-09
1.176500E+03 1.244214E-06 +/-  3.979450E-09
1.177500E+03 1.242997E-06 +/-  3.982269E-09
1.178500E+03 1.241627E-06 +/-  3.975796E-09
1.179500E+03 1.224460E-06 +/-  3.950428E-09
1.180500E+03 1.231542E-06 +/-  3.956862E-09
1.181500E+03 1.220867E-06 +/-  3.928697E-09
1.182500E+03 1.212142E-06 +/-  3.903718E-09
1.183500E+03 1.217415E-06 +/-  3.908101E-09
1.184500E+03 1.209885E-06 +/-  3.884136E-09
1.185500E+03 1.197152E-06 +/-  3.850998E-09
1.186500E+03 1.200591E-06 +/-  3.875424E-09
1.187500E+03 1.192753E-06 +/-  3.873663E-09
1.188500E+03 1.188967E-06 +/-  3.858254E-09
1.189500E+03 1.179331E-06 +/-  3.848601E-09
1.190500E+03 1.173771E-06 +/-  3.829959E-09
1.191500E+03 1.177952E-06 +/-  3.826524E-09
1.192500E+03 1.162651E-06 +/-  3.791248E-09
1.193500E+03 1.163261E-06 +/-  3.784783E-09
1.194500E+03 1.158661E-06 +/-  3.770811E-09
1.195500E+03 1.156320E-06 +/-  3.763043E-09
1.196500E+03 1.147558E-06 +/-  3.740271E-09
1.197500E+03 1.146126E-06 +/-  3.762523E-09
1.198500E+03 1.139256E-06 +/-  3.748274E-09
1.199500E+03 1.138638E-06 +/-  3.754796E-09
1.200500E+03 1.136907E-06 +/-  3.742411E-09
1.201500E+03 1.125725E-06 +/-  3.716633E-09
1.202500E+03 1.120555E-06 +/-  3.696697E-09
1.203500E+03 1.112975E-06 +/-  3.683490E-09
1.204500E+03 1.116427E-06 +/-  3.679530E-09
1.205500E+03 1.110632E-06 +/-  3.662707E-09
1.206500E+03 1.106332E-06 +/-  3.647031E-09
1.207500E+03 1.091667E-06 +/-  3.610686E-09
1.208500E+03 1.103231E-06 +/-  3.644618E-09
1.209500E+03 1.087794E-06 +/-  3.627081E-09
1.210500E+03 1.086071E-06 +/-  3.620038E-09
1.211500E+03 1.084850E-06 +/-  3.614768E-09
1.212500E+03 1.075174E-06 +/-  3.590103E-09
1.213500E+03 1.071608E-06 +/-  3.576605E-09
1.214500E+03 1.070427E-06 +/-  3.565414E-09
1.215500E+03 1.061614E-06 +/-  3.543232E-09
1.216500E+03 1.067577E-06 +/-  3.545205E-09
1.217500E+03 1.052209E-06 +/-  3.507499E-09
1.218500E+03 1.057928E-06 +/-  3.511959E-09
1.219500E+03 1.046754E-06 +/-  3.484497E-09
