 u,U -> m,M
x-axis: "Mass{p3+p4}"  from 20.000000 to 320.000000 N_bins= 300
Diff. cross section [pb/GeV]
2.050000E+01 0.000000E+00 +/-  0.000000E+00
2.150000E+01 0.000000E+00 +/-  0.000000E+00
2.250000E+01 0.000000E+00 +/-  0.000000E+00
2.350000E+01 0.000000E+00 +/-  0.000000E+00
2.450000E+01 0.000000E+00 +/-  0.000000E+00
2.550000E+01 0.000000E+00 +/-  0.000000E+00
2.650000E+01 0.000000E+00 +/-  0.000000E+00
2.750000E+01 0.000000E+00 +/-  0.000000E+00
2.850000E+01 0.000000E+00 +/-  0.000000E+00
2.950000E+01 0.000000E+00 +/-  0.000000E+00
3.050000E+01 0.000000E+00 +/-  0.000000E+00
3.150000E+01 0.000000E+00 +/-  0.000000E+00
3.250000E+01 0.000000E+00 +/-  0.000000E+00
3.350000E+01 0.000000E+00 +/-  0.000000E+00
3.450000E+01 0.000000E+00 +/-  0.000000E+00
3.550000E+01 0.000000E+00 +/-  0.000000E+00
3.650000E+01 0.000000E+00 +/-  0.000000E+00
3.750000E+01 0.000000E+00 +/-  0.000000E+00
3.850000E+01 0.000000E+00 +/-  0.000000E+00
3.950000E+01 0.000000E+00 +/-  0.000000E+00
4.050000E+01 0.000000E+00 +/-  0.000000E+00
4.150000E+01 0.000000E+00 +/-  0.000000E+00
4.250000E+01 0.000000E+00 +/-  0.000000E+00
4.350000E+01 0.000000E+00 +/-  0.000000E+00
4.450000E+01 0.000000E+00 +/-  0.000000E+00
4.550000E+01 0.000000E+00 +/-  0.000000E+00
4.650000E+01 0.000000E+00 +/-  0.000000E+00
4.750000E+01 0.000000E+00 +/-  0.000000E+00
4.850000E+01 0.000000E+00 +/-  0.000000E+00
4.950000E+01 0.000000E+00 +/-  0.000000E+00
5.050000E+01 0.000000E+00 +/-  0.000000E+00
5.150000E+01 0.000000E+00 +/-  0.000000E+00
5.250000E+01 0.000000E+00 +/-  0.000000E+00
5.350000E+01 0.000000E+00 +/-  0.000000E+00
5.450000E+01 0.000000E+00 +/-  0.000000E+00
5.550000E+01 0.000000E+00 +/-  0.000000E+00
5.650000E+01 0.000000E+00 +/-  0.000000E+00
5.750000E+01 0.000000E+00 +/-  0.000000E+00
5.850000E+01 0.000000E+00 +/-  0.000000E+00
5.950000E+01 0.000000E+00 +/-  0.000000E+00
6.050000E+01 0.000000E+00 +/-  0.000000E+00
6.150000E+01 0.000000E+00 +/-  0.000000E+00
6.250000E+01 0.000000E+00 +/-  0.000000E+00
6.350000E+01 0.000000E+00 +/-  0.000000E+00
6.450000E+01 0.000000E+00 +/-  0.000000E+00
6.550000E+01 0.000000E+00 +/-  0.000000E+00
6.650000E+01 0.000000E+00 +/-  0.000000E+00
6.750000E+01 0.000000E+00 +/-  0.000000E+00
6.850000E+01 0.000000E+00 +/-  0.000000E+00
6.950000E+01 0.000000E+00 +/-  0.000000E+00
7.050000E+01 0.000000E+00 +/-  0.000000E+00
7.150000E+01 0.000000E+00 +/-  0.000000E+00
7.250000E+01 0.000000E+00 +/-  0.000000E+00
7.350000E+01 0.000000E+00 +/-  0.000000E+00
7.450000E+01 0.000000E+00 +/-  0.000000E+00
7.550000E+01 0.000000E+00 +/-  0.000000E+00
7.650000E+01 0.000000E+00 +/-  0.000000E+00
7.750000E+01 0.000000E+00 +/-  0.000000E+00
7.850000E+01 0.000000E+00 +/-  0.000000E+00
7.950000E+01 0.000000E+00 +/-  0.000000E+00
8.050000E+01 0.000000E+00 +/-  0.000000E+00
8.150000E+01 0.000000E+00 +/-  0.000000E+00
8.250000E+01 0.000000E+00 +/-  0.000000E+00
8.350000E+01 0.000000E+00 +/-  0.000000E+00
8.450000E+01 0.000000E+00 +/-  0.000000E+00
8.550000E+01 0.000000E+00 +/-  0.000000E+00
8.650000E+01 0.000000E+00 +/-  0.000000E+00
8.750000E+01 0.000000E+00 +/-  0.000000E+00
8.850000E+01 0.000000E+00 +/-  0.000000E+00
8.950000E+01 0.000000E+00 +/-  0.000000E+00
9.050000E+01 0.000000E+00 +/-  0.000000E+00
9.150000E+01 0.000000E+00 +/-  0.000000E+00
9.250000E+01 0.000000E+00 +/-  0.000000E+00
9.350000E+01 0.000000E+00 +/-  0.000000E+00
9.450000E+01 0.000000E+00 +/-  0.000000E+00
9.550000E+01 0.000000E+00 +/-  0.000000E+00
9.650000E+01 0.000000E+00 +/-  0.000000E+00
9.750000E+01 0.000000E+00 +/-  0.000000E+00
9.850000E+01 0.000000E+00 +/-  0.000000E+00
9.950000E+01 0.000000E+00 +/-  0.000000E+00
1.005000E+02 9.556915E-02 +/-  5.916185E-04
1.015000E+02 1.437169E-01 +/-  6.628565E-04
1.025000E+02 1.546444E-01 +/-  6.369044E-04
1.035000E+02 1.529699E-01 +/-  5.749173E-04
1.045000E+02 1.466018E-01 +/-  5.179471E-04
1.055000E+02 1.385972E-01 +/-  4.639440E-04
1.065000E+02 1.304718E-01 +/-  4.229864E-04
1.075000E+02 1.220251E-01 +/-  3.821921E-04
1.085000E+02 1.136781E-01 +/-  3.455593E-04
1.095000E+02 1.067730E-01 +/-  3.212343E-04
1.105000E+02 9.907219E-02 +/-  2.857549E-04
1.115000E+02 9.309822E-02 +/-  2.667893E-04
1.125000E+02 8.692323E-02 +/-  2.449009E-04
1.135000E+02 8.144303E-02 +/-  2.287498E-04
1.145000E+02 7.642768E-02 +/-  2.116727E-04
1.155000E+02 7.175646E-02 +/-  1.966847E-04
1.165000E+02 6.740328E-02 +/-  1.826300E-04
1.175000E+02 6.349825E-02 +/-  1.706114E-04
1.185000E+02 5.990498E-02 +/-  1.595958E-04
1.195000E+02 5.639929E-02 +/-  1.480486E-04
1.205000E+02 5.336581E-02 +/-  1.421102E-04
1.215000E+02 5.059475E-02 +/-  1.355624E-04
1.225000E+02 4.781022E-02 +/-  1.308457E-04
1.235000E+02 4.532876E-02 +/-  1.244847E-04
1.245000E+02 4.306459E-02 +/-  1.178638E-04
1.255000E+02 4.075593E-02 +/-  1.109745E-04
1.265000E+02 3.886245E-02 +/-  1.049576E-04
1.275000E+02 3.689191E-02 +/-  1.000337E-04
1.285000E+02 3.527049E-02 +/-  9.797815E-05
1.295000E+02 3.356909E-02 +/-  9.413317E-05
1.305000E+02 3.198711E-02 +/-  8.955939E-05
1.315000E+02 3.053550E-02 +/-  8.567285E-05
1.325000E+02 2.920508E-02 +/-  8.278123E-05
1.335000E+02 2.788389E-02 +/-  7.941517E-05
1.345000E+02 2.680940E-02 +/-  7.666197E-05
1.355000E+02 2.542078E-02 +/-  7.247357E-05
1.365000E+02 2.448027E-02 +/-  7.233003E-05
1.375000E+02 2.352006E-02 +/-  7.056616E-05
1.385000E+02 2.255972E-02 +/-  6.759462E-05
1.395000E+02 2.158757E-02 +/-  6.473149E-05
1.405000E+02 2.075050E-02 +/-  6.298878E-05
1.415000E+02 1.994359E-02 +/-  6.133882E-05
1.425000E+02 1.919146E-02 +/-  5.902851E-05
1.435000E+02 1.842927E-02 +/-  5.696747E-05
1.445000E+02 1.771114E-02 +/-  5.581955E-05
1.455000E+02 1.713704E-02 +/-  5.408823E-05
1.465000E+02 1.642586E-02 +/-  5.185614E-05
1.475000E+02 1.581831E-02 +/-  5.068118E-05
1.485000E+02 1.534407E-02 +/-  5.074056E-05
1.495000E+02 1.473600E-02 +/-  4.907347E-05
1.505000E+02 1.418040E-02 +/-  4.709338E-05
1.515000E+02 1.370596E-02 +/-  4.542507E-05
1.525000E+02 1.328702E-02 +/-  4.415178E-05
1.535000E+02 1.283194E-02 +/-  4.477522E-05
1.545000E+02 1.239242E-02 +/-  4.380278E-05
1.555000E+02 1.192833E-02 +/-  4.210498E-05
1.565000E+02 1.157450E-02 +/-  4.081062E-05
1.575000E+02 1.116128E-02 +/-  3.927780E-05
1.585000E+02 1.090069E-02 +/-  3.844031E-05
1.595000E+02 1.046431E-02 +/-  3.809989E-05
1.605000E+02 1.017784E-02 +/-  3.820724E-05
1.615000E+02 9.802756E-03 +/-  3.676066E-05
1.625000E+02 9.573002E-03 +/-  3.583875E-05
1.635000E+02 9.253437E-03 +/-  3.471284E-05
1.645000E+02 8.969951E-03 +/-  3.360468E-05
1.655000E+02 8.673090E-03 +/-  3.283716E-05
1.665000E+02 8.415090E-03 +/-  3.294266E-05
1.675000E+02 8.218769E-03 +/-  3.286786E-05
1.685000E+02 7.923778E-03 +/-  3.214939E-05
1.695000E+02 7.681193E-03 +/-  3.116637E-05
1.705000E+02 7.459672E-03 +/-  3.040433E-05
1.715000E+02 7.306609E-03 +/-  2.961265E-05
1.725000E+02 7.112360E-03 +/-  2.887862E-05
1.735000E+02 6.899065E-03 +/-  2.822194E-05
1.745000E+02 6.642452E-03 +/-  2.833875E-05
1.755000E+02 6.433811E-03 +/-  2.769204E-05
1.765000E+02 6.307565E-03 +/-  2.803909E-05
1.775000E+02 6.155518E-03 +/-  2.735449E-05
1.785000E+02 5.982088E-03 +/-  2.672674E-05
1.795000E+02 5.820913E-03 +/-  2.593833E-05
1.805000E+02 5.631977E-03 +/-  2.518657E-05
1.815000E+02 5.482471E-03 +/-  2.455262E-05
1.825000E+02 5.380220E-03 +/-  2.411957E-05
1.835000E+02 5.220830E-03 +/-  2.381416E-05
1.845000E+02 5.077055E-03 +/-  2.458449E-05
1.855000E+02 4.994520E-03 +/-  2.404634E-05
1.865000E+02 4.821387E-03 +/-  2.314071E-05
1.875000E+02 4.705716E-03 +/-  2.315640E-05
1.885000E+02 4.604223E-03 +/-  2.313953E-05
1.895000E+02 4.461981E-03 +/-  2.248935E-05
1.905000E+02 4.381918E-03 +/-  2.211769E-05
1.915000E+02 4.263023E-03 +/-  2.149203E-05
1.925000E+02 4.134214E-03 +/-  2.077155E-05
1.935000E+02 4.053850E-03 +/-  2.036112E-05
1.945000E+02 3.971502E-03 +/-  2.015051E-05
1.955000E+02 3.861384E-03 +/-  2.020898E-05
1.965000E+02 3.753910E-03 +/-  1.971799E-05
1.975000E+02 3.682672E-03 +/-  2.007682E-05
1.985000E+02 3.595542E-03 +/-  1.955059E-05
1.995000E+02 3.499685E-03 +/-  1.904996E-05
2.005000E+02 3.451856E-03 +/-  1.859096E-05
2.015000E+02 3.356104E-03 +/-  1.812401E-05
2.025000E+02 3.262909E-03 +/-  1.788043E-05
2.035000E+02 3.187521E-03 +/-  1.858845E-05
2.045000E+02 3.138687E-03 +/-  1.817952E-05
2.055000E+02 3.058884E-03 +/-  1.763868E-05
2.065000E+02 2.962982E-03 +/-  1.701228E-05
2.075000E+02 2.941823E-03 +/-  1.709267E-05
2.085000E+02 2.865086E-03 +/-  1.690882E-05
2.095000E+02 2.804058E-03 +/-  1.658332E-05
2.105000E+02 2.766940E-03 +/-  1.648382E-05
2.115000E+02 2.685779E-03 +/-  1.604316E-05
2.125000E+02 2.615633E-03 +/-  1.550601E-05
2.135000E+02 2.557696E-03 +/-  1.562815E-05
2.145000E+02 2.509066E-03 +/-  1.572678E-05
2.155000E+02 2.459147E-03 +/-  1.532389E-05
2.165000E+02 2.385075E-03 +/-  1.484726E-05
2.175000E+02 2.351186E-03 +/-  1.450112E-05
2.185000E+02 2.297997E-03 +/-  1.430908E-05
2.195000E+02 2.239218E-03 +/-  1.387504E-05
2.205000E+02 2.221531E-03 +/-  1.387953E-05
2.215000E+02 2.153033E-03 +/-  1.326614E-05
2.225000E+02 2.115065E-03 +/-  1.305339E-05
2.235000E+02 2.098314E-03 +/-  1.325214E-05
2.245000E+02 2.042637E-03 +/-  1.324811E-05
2.255000E+02 1.983355E-03 +/-  1.397630E-05
2.265000E+02 1.959136E-03 +/-  1.375960E-05
2.275000E+02 1.916724E-03 +/-  1.352134E-05
2.285000E+02 1.863957E-03 +/-  1.297144E-05
2.295000E+02 1.833730E-03 +/-  1.281272E-05
2.305000E+02 1.822915E-03 +/-  1.286488E-05
2.315000E+02 1.750420E-03 +/-  1.212791E-05
2.325000E+02 1.744516E-03 +/-  1.232445E-05
2.335000E+02 1.713714E-03 +/-  1.186430E-05
2.345000E+02 1.664804E-03 +/-  1.161323E-05
2.355000E+02 1.622677E-03 +/-  1.126656E-05
2.365000E+02 1.610532E-03 +/-  1.185306E-05
2.375000E+02 1.564840E-03 +/-  1.166388E-05
2.385000E+02 1.532481E-03 +/-  1.132630E-05
2.395000E+02 1.526481E-03 +/-  1.148923E-05
2.405000E+02 1.492971E-03 +/-  1.116472E-05
2.415000E+02 1.473547E-03 +/-  1.093468E-05
2.425000E+02 1.428645E-03 +/-  1.085241E-05
2.435000E+02 1.405429E-03 +/-  1.069887E-05
2.445000E+02 1.388783E-03 +/-  1.069536E-05
2.455000E+02 1.347222E-03 +/-  1.020553E-05
2.465000E+02 1.335727E-03 +/-  1.023435E-05
2.475000E+02 1.311633E-03 +/-  9.929123E-06
2.485000E+02 1.297690E-03 +/-  9.884012E-06
2.495000E+02 1.261387E-03 +/-  9.571670E-06
2.505000E+02 1.252129E-03 +/-  9.582600E-06
2.515000E+02 1.209306E-03 +/-  9.050082E-06
2.525000E+02 1.179100E-03 +/-  8.858789E-06
2.535000E+02 1.196563E-03 +/-  9.046811E-06
2.545000E+02 1.149212E-03 +/-  8.651493E-06
2.555000E+02 1.134648E-03 +/-  8.598914E-06
2.565000E+02 1.129823E-03 +/-  8.628981E-06
2.575000E+02 1.085645E-03 +/-  8.100942E-06
2.585000E+02 1.073018E-03 +/-  8.021758E-06
2.595000E+02 1.071224E-03 +/-  8.038748E-06
2.605000E+02 1.037260E-03 +/-  8.913513E-06
2.615000E+02 1.021753E-03 +/-  8.775968E-06
2.625000E+02 1.006795E-03 +/-  8.677025E-06
2.635000E+02 9.746521E-04 +/-  8.287811E-06
2.645000E+02 9.884512E-04 +/-  8.562368E-06
2.655000E+02 9.525052E-04 +/-  8.363605E-06
2.665000E+02 9.412791E-04 +/-  8.196992E-06
2.675000E+02 9.240813E-04 +/-  8.046948E-06
2.685000E+02 9.045183E-04 +/-  7.929048E-06
2.695000E+02 8.840810E-04 +/-  7.900712E-06
2.705000E+02 8.887799E-04 +/-  8.434519E-06
2.715000E+02 8.679749E-04 +/-  8.105619E-06
2.725000E+02 8.595984E-04 +/-  8.194350E-06
2.735000E+02 8.473708E-04 +/-  8.154864E-06
2.745000E+02 8.370179E-04 +/-  7.955944E-06
2.755000E+02 8.139395E-04 +/-  7.654697E-06
2.765000E+02 8.021138E-04 +/-  7.728168E-06
2.775000E+02 7.932879E-04 +/-  7.443219E-06
2.785000E+02 7.692380E-04 +/-  7.277736E-06
2.795000E+02 7.677725E-04 +/-  7.144384E-06
2.805000E+02 7.486395E-04 +/-  6.954485E-06
2.815000E+02 7.373614E-04 +/-  6.943443E-06
2.825000E+02 7.186156E-04 +/-  6.636104E-06
2.835000E+02 7.082561E-04 +/-  6.615492E-06
2.845000E+02 6.991867E-04 +/-  6.483102E-06
2.855000E+02 6.902685E-04 +/-  6.422152E-06
2.865000E+02 6.838832E-04 +/-  6.260758E-06
2.875000E+02 6.748375E-04 +/-  6.253564E-06
2.885000E+02 6.760803E-04 +/-  6.419052E-06
2.895000E+02 6.501281E-04 +/-  5.972832E-06
2.905000E+02 6.326257E-04 +/-  5.895822E-06
2.915000E+02 6.335257E-04 +/-  6.023469E-06
2.925000E+02 6.238369E-04 +/-  5.877249E-06
2.935000E+02 6.131186E-04 +/-  5.747422E-06
2.945000E+02 6.099547E-04 +/-  5.765640E-06
2.955000E+02 5.957852E-04 +/-  5.632137E-06
2.965000E+02 5.898060E-04 +/-  5.559676E-06
2.975000E+02 5.827044E-04 +/-  5.448112E-06
2.985000E+02 5.627221E-04 +/-  5.306078E-06
2.995000E+02 5.513722E-04 +/-  5.167153E-06
3.005000E+02 5.508685E-04 +/-  5.164723E-06
3.015000E+02 5.434850E-04 +/-  5.066419E-06
3.025000E+02 5.371536E-04 +/-  5.061415E-06
3.035000E+02 5.312262E-04 +/-  4.927949E-06
3.045000E+02 5.220186E-04 +/-  4.865587E-06
3.055000E+02 5.124204E-04 +/-  4.773189E-06
3.065000E+02 5.105954E-04 +/-  4.808683E-06
3.075000E+02 5.009014E-04 +/-  4.583968E-06
3.085000E+02 4.838265E-04 +/-  4.461452E-06
3.095000E+02 4.863785E-04 +/-  4.522938E-06
3.105000E+02 4.764958E-04 +/-  4.411799E-06
3.115000E+02 4.675280E-04 +/-  4.244865E-06
3.125000E+02 4.723212E-04 +/-  4.384524E-06
3.135000E+02 4.568415E-04 +/-  4.217819E-06
3.145000E+02 4.538369E-04 +/-  4.195155E-06
3.155000E+02 4.532600E-04 +/-  4.221841E-06
3.165000E+02 4.459867E-04 +/-  4.132192E-06
3.175000E+02 4.293746E-04 +/-  3.932090E-06
3.185000E+02 4.299942E-04 +/-  3.927500E-06
3.195000E+02 4.262263E-04 +/-  3.963973E-06
