 u,U -> m,M
x-axis: "Mass{p3+p4}"  from 920.000000 to 1220.000000 N_bins= 300
Diff. cross section [pb/GeV]
9.205000E+02 3.876478E-06 +/-  9.332957E-09
9.215000E+02 3.867454E-06 +/-  9.307937E-09
9.225000E+02 3.838363E-06 +/-  9.230930E-09
9.235000E+02 3.832695E-06 +/-  9.221203E-09
9.245000E+02 3.803898E-06 +/-  9.170451E-09
9.255000E+02 3.784322E-06 +/-  9.094602E-09
9.265000E+02 3.767845E-06 +/-  9.072258E-09
9.275000E+02 3.749408E-06 +/-  9.052524E-09
9.285000E+02 3.723303E-06 +/-  8.991859E-09
9.295000E+02 3.715791E-06 +/-  8.964404E-09
9.305000E+02 3.695861E-06 +/-  8.934063E-09
9.315000E+02 3.671787E-06 +/-  8.887952E-09
9.325000E+02 3.646783E-06 +/-  8.862430E-09
9.335000E+02 3.648132E-06 +/-  8.827578E-09
9.345000E+02 3.613783E-06 +/-  8.784796E-09
9.355000E+02 3.602570E-06 +/-  8.739686E-09
9.365000E+02 3.582723E-06 +/-  8.688336E-09
9.375000E+02 3.563524E-06 +/-  8.684186E-09
9.385000E+02 3.553944E-06 +/-  8.660799E-09
9.395000E+02 3.528534E-06 +/-  8.604704E-09
9.405000E+02 3.516812E-06 +/-  8.599415E-09
9.415000E+02 3.493441E-06 +/-  8.538548E-09
9.425000E+02 3.467095E-06 +/-  8.492675E-09
9.435000E+02 3.472783E-06 +/-  8.495226E-09
9.445000E+02 3.445306E-06 +/-  8.426101E-09
9.455000E+02 3.423828E-06 +/-  8.419951E-09
9.465000E+02 3.418577E-06 +/-  8.393482E-09
9.475000E+02 3.382097E-06 +/-  8.310896E-09
9.485000E+02 3.379232E-06 +/-  8.320796E-09
9.495000E+02 3.363742E-06 +/-  8.297175E-09
9.505000E+02 3.346282E-06 +/-  8.248231E-09
9.515000E+02 3.332692E-06 +/-  8.220286E-09
9.525000E+02 3.306681E-06 +/-  8.199096E-09
9.535000E+02 3.299779E-06 +/-  8.170291E-09
9.545000E+02 3.278073E-06 +/-  8.114703E-09
9.555000E+02 3.260443E-06 +/-  8.096654E-09
9.565000E+02 3.248263E-06 +/-  8.062181E-09
9.575000E+02 3.230746E-06 +/-  8.035603E-09
9.585000E+02 3.215726E-06 +/-  7.991397E-09
9.595000E+02 3.205372E-06 +/-  7.981241E-09
9.605000E+02 3.180171E-06 +/-  7.923793E-09
9.615000E+02 3.176571E-06 +/-  7.923522E-09
9.625000E+02 3.151759E-06 +/-  7.877106E-09
9.635000E+02 3.140757E-06 +/-  7.861587E-09
9.645000E+02 3.115552E-06 +/-  7.805713E-09
9.655000E+02 3.116217E-06 +/-  7.801634E-09
9.665000E+02 3.101088E-06 +/-  7.776621E-09
9.675000E+02 3.073201E-06 +/-  7.730206E-09
9.685000E+02 3.067380E-06 +/-  7.717388E-09
9.695000E+02 3.051928E-06 +/-  7.677042E-09
9.705000E+02 3.031580E-06 +/-  7.631817E-09
9.715000E+02 3.022926E-06 +/-  7.630589E-09
9.725000E+02 3.005756E-06 +/-  7.588854E-09
9.735000E+02 2.990876E-06 +/-  7.570808E-09
9.745000E+02 2.983213E-06 +/-  7.532715E-09
9.755000E+02 2.955614E-06 +/-  7.486996E-09
9.765000E+02 2.957395E-06 +/-  7.501396E-09
9.775000E+02 2.926007E-06 +/-  7.418460E-09
9.785000E+02 2.913861E-06 +/-  7.409456E-09
9.795000E+02 2.912975E-06 +/-  7.397766E-09
9.805000E+02 2.899187E-06 +/-  7.387976E-09
9.815000E+02 2.876569E-06 +/-  7.340809E-09
9.825000E+02 2.861669E-06 +/-  7.311518E-09
9.835000E+02 2.845719E-06 +/-  7.274812E-09
9.845000E+02 2.843412E-06 +/-  7.272402E-09
9.855000E+02 2.824478E-06 +/-  7.227271E-09
9.865000E+02 2.818169E-06 +/-  7.223562E-09
9.875000E+02 2.793253E-06 +/-  7.172986E-09
9.885000E+02 2.787633E-06 +/-  7.158489E-09
9.895000E+02 2.774164E-06 +/-  7.136449E-09
9.905000E+02 2.757536E-06 +/-  7.107354E-09
9.915000E+02 2.748822E-06 +/-  7.077281E-09
9.925000E+02 2.729524E-06 +/-  7.042231E-09
9.935000E+02 2.713466E-06 +/-  7.004042E-09
9.945000E+02 2.710213E-06 +/-  7.014339E-09
9.955000E+02 2.692400E-06 +/-  6.964394E-09
9.965000E+02 2.681061E-06 +/-  6.948894E-09
9.975000E+02 2.664068E-06 +/-  6.919335E-09
9.985000E+02 2.661006E-06 +/-  6.899937E-09
9.995000E+02 2.637301E-06 +/-  6.859638E-09
1.000500E+03 2.628074E-06 +/-  6.843379E-09
1.001500E+03 2.628957E-06 +/-  6.845536E-09
1.002500E+03 2.612201E-06 +/-  6.808254E-09
1.003500E+03 2.590022E-06 +/-  6.781418E-09
1.004500E+03 2.587039E-06 +/-  6.755968E-09
1.005500E+03 2.567814E-06 +/-  6.721195E-09
1.006500E+03 2.553341E-06 +/-  6.695564E-09
1.007500E+03 2.549378E-06 +/-  6.687728E-09
1.008500E+03 2.528964E-06 +/-  6.649319E-09
1.009500E+03 2.531641E-06 +/-  6.657690E-09
1.010500E+03 2.509457E-06 +/-  6.598181E-09
1.011500E+03 2.503085E-06 +/-  6.591075E-09
1.012500E+03 2.481475E-06 +/-  6.561451E-09
1.013500E+03 2.478096E-06 +/-  6.543180E-09
1.014500E+03 2.467346E-06 +/-  6.519165E-09
1.015500E+03 2.451660E-06 +/-  6.487585E-09
1.016500E+03 2.445361E-06 +/-  6.473492E-09
1.017500E+03 2.427942E-06 +/-  6.448737E-09
1.018500E+03 2.425445E-06 +/-  6.444508E-09
1.019500E+03 2.415150E-06 +/-  6.422852E-09
1.020500E+03 2.389768E-06 +/-  6.366532E-09
1.021500E+03 2.385085E-06 +/-  6.337001E-09
1.022500E+03 2.378744E-06 +/-  6.348676E-09
1.023500E+03 2.358148E-06 +/-  6.311981E-09
1.024500E+03 2.352900E-06 +/-  6.303926E-09
1.025500E+03 2.345504E-06 +/-  6.272294E-09
1.026500E+03 2.333375E-06 +/-  6.247406E-09
1.027500E+03 2.320451E-06 +/-  6.211352E-09
1.028500E+03 2.306328E-06 +/-  6.209507E-09
1.029500E+03 2.299591E-06 +/-  6.197610E-09
1.030500E+03 2.300128E-06 +/-  6.184793E-09
1.031500E+03 2.276084E-06 +/-  6.133049E-09
1.032500E+03 2.267909E-06 +/-  6.113817E-09
1.033500E+03 2.258714E-06 +/-  6.101335E-09
1.034500E+03 2.249499E-06 +/-  6.091532E-09
1.035500E+03 2.237680E-06 +/-  6.070775E-09
1.036500E+03 2.232248E-06 +/-  6.044324E-09
1.037500E+03 2.212694E-06 +/-  6.002326E-09
1.038500E+03 2.214173E-06 +/-  5.999435E-09
1.039500E+03 2.186846E-06 +/-  5.961307E-09
1.040500E+03 2.192514E-06 +/-  5.974612E-09
1.041500E+03 2.170933E-06 +/-  5.934813E-09
1.042500E+03 2.182693E-06 +/-  5.938864E-09
1.043500E+03 2.146610E-06 +/-  5.872095E-09
1.044500E+03 2.156867E-06 +/-  5.876752E-09
1.045500E+03 2.132492E-06 +/-  5.854598E-09
1.046500E+03 2.128674E-06 +/-  5.848624E-09
1.047500E+03 2.121392E-06 +/-  5.827684E-09
1.048500E+03 2.110686E-06 +/-  5.799472E-09
1.049500E+03 2.102358E-06 +/-  5.776614E-09
1.050500E+03 2.089399E-06 +/-  5.745326E-09
1.051500E+03 2.083644E-06 +/-  5.750630E-09
1.052500E+03 2.065126E-06 +/-  5.726672E-09
1.053500E+03 2.069900E-06 +/-  5.719179E-09
1.054500E+03 2.053010E-06 +/-  5.679037E-09
1.055500E+03 2.040705E-06 +/-  5.652098E-09
1.056500E+03 2.034709E-06 +/-  5.630693E-09
1.057500E+03 2.025039E-06 +/-  5.629821E-09
1.058500E+03 2.020406E-06 +/-  5.624775E-09
1.059500E+03 2.005854E-06 +/-  5.594822E-09
1.060500E+03 2.001905E-06 +/-  5.579235E-09
1.061500E+03 1.988926E-06 +/-  5.538647E-09
1.062500E+03 1.978713E-06 +/-  5.521724E-09
1.063500E+03 1.968714E-06 +/-  5.512461E-09
1.064500E+03 1.965522E-06 +/-  5.509382E-09
1.065500E+03 1.961693E-06 +/-  5.505975E-09
1.066500E+03 1.946417E-06 +/-  5.463590E-09
1.067500E+03 1.937019E-06 +/-  5.440055E-09
1.068500E+03 1.928494E-06 +/-  5.413751E-09
1.069500E+03 1.917041E-06 +/-  5.397330E-09
1.070500E+03 1.909260E-06 +/-  5.396188E-09
1.071500E+03 1.907260E-06 +/-  5.389681E-09
1.072500E+03 1.895968E-06 +/-  5.363417E-09
1.073500E+03 1.886018E-06 +/-  5.338739E-09
1.074500E+03 1.881656E-06 +/-  5.313787E-09
1.075500E+03 1.870309E-06 +/-  5.294171E-09
1.076500E+03 1.855071E-06 +/-  5.278458E-09
1.077500E+03 1.854791E-06 +/-  5.278979E-09
1.078500E+03 1.844115E-06 +/-  5.262478E-09
1.079500E+03 1.841449E-06 +/-  5.249787E-09
1.080500E+03 1.825514E-06 +/-  5.205006E-09
1.081500E+03 1.824123E-06 +/-  5.193708E-09
1.082500E+03 1.816887E-06 +/-  5.185251E-09
1.083500E+03 1.802470E-06 +/-  5.168921E-09
1.084500E+03 1.795490E-06 +/-  5.158976E-09
1.085500E+03 1.791142E-06 +/-  5.147870E-09
1.086500E+03 1.782168E-06 +/-  5.120359E-09
1.087500E+03 1.780368E-06 +/-  5.110877E-09
1.088500E+03 1.761750E-06 +/-  5.064048E-09
1.089500E+03 1.753300E-06 +/-  5.054567E-09
1.090500E+03 1.753167E-06 +/-  5.063860E-09
1.091500E+03 1.745354E-06 +/-  5.052676E-09
1.092500E+03 1.728285E-06 +/-  5.017617E-09
1.093500E+03 1.726375E-06 +/-  5.009425E-09
1.094500E+03 1.721321E-06 +/-  4.985461E-09
1.095500E+03 1.717392E-06 +/-  4.966713E-09
1.096500E+03 1.705626E-06 +/-  4.955676E-09
1.097500E+03 1.703066E-06 +/-  4.954454E-09
1.098500E+03 1.687778E-06 +/-  4.925850E-09
1.099500E+03 1.681538E-06 +/-  4.919395E-09
1.100500E+03 1.672515E-06 +/-  4.898758E-09
1.101500E+03 1.670345E-06 +/-  4.876218E-09
1.102500E+03 1.664195E-06 +/-  4.861585E-09
1.103500E+03 1.652257E-06 +/-  4.842972E-09
1.104500E+03 1.653842E-06 +/-  4.845676E-09
1.105500E+03 1.637740E-06 +/-  4.823466E-09
1.106500E+03 1.624525E-06 +/-  4.797433E-09
1.107500E+03 1.630958E-06 +/-  4.803909E-09
1.108500E+03 1.615878E-06 +/-  4.771924E-09
1.109500E+03 1.612733E-06 +/-  4.752544E-09
1.110500E+03 1.607747E-06 +/-  4.745933E-09
1.111500E+03 1.594301E-06 +/-  4.728732E-09
1.112500E+03 1.591716E-06 +/-  4.713519E-09
1.113500E+03 1.584334E-06 +/-  4.705685E-09
1.114500E+03 1.576596E-06 +/-  4.692701E-09
1.115500E+03 1.569722E-06 +/-  4.680853E-09
1.116500E+03 1.571818E-06 +/-  4.667958E-09
1.117500E+03 1.553194E-06 +/-  4.635187E-09
1.118500E+03 1.554809E-06 +/-  4.633553E-09
1.119500E+03 1.545668E-06 +/-  4.616462E-09
1.120500E+03 1.533829E-06 +/-  4.586790E-09
1.121500E+03 1.530224E-06 +/-  4.589357E-09
1.122500E+03 1.525747E-06 +/-  4.581449E-09
1.123500E+03 1.521621E-06 +/-  4.569175E-09
1.124500E+03 1.506608E-06 +/-  4.539057E-09
1.125500E+03 1.510253E-06 +/-  4.536618E-09
1.126500E+03 1.496627E-06 +/-  4.510747E-09
1.127500E+03 1.490625E-06 +/-  4.500210E-09
1.128500E+03 1.486485E-06 +/-  4.481291E-09
1.129500E+03 1.480579E-06 +/-  4.475004E-09
1.130500E+03 1.474273E-06 +/-  4.465337E-09
1.131500E+03 1.465604E-06 +/-  4.453678E-09
1.132500E+03 1.463815E-06 +/-  4.446659E-09
1.133500E+03 1.450545E-06 +/-  4.412796E-09
1.134500E+03 1.447719E-06 +/-  4.406093E-09
1.135500E+03 1.438825E-06 +/-  4.388191E-09
1.136500E+03 1.442362E-06 +/-  4.382524E-09
1.137500E+03 1.432952E-06 +/-  4.363252E-09
1.138500E+03 1.422065E-06 +/-  4.351383E-09
1.139500E+03 1.413236E-06 +/-  4.346050E-09
1.140500E+03 1.415706E-06 +/-  4.344314E-09
1.141500E+03 1.410167E-06 +/-  4.324590E-09
1.142500E+03 1.395956E-06 +/-  4.292764E-09
1.143500E+03 1.397763E-06 +/-  4.297926E-09
1.144500E+03 1.388171E-06 +/-  4.272222E-09
1.145500E+03 1.386478E-06 +/-  4.257391E-09
1.146500E+03 1.372466E-06 +/-  4.233707E-09
1.147500E+03 1.373284E-06 +/-  4.245920E-09
1.148500E+03 1.359007E-06 +/-  4.228772E-09
1.149500E+03 1.360593E-06 +/-  4.219852E-09
1.150500E+03 1.357917E-06 +/-  4.204347E-09
1.151500E+03 1.349212E-06 +/-  4.188252E-09
1.152500E+03 1.344148E-06 +/-  4.179301E-09
1.153500E+03 1.334844E-06 +/-  4.154632E-09
1.154500E+03 1.331273E-06 +/-  4.143277E-09
1.155500E+03 1.329906E-06 +/-  4.134491E-09
1.156500E+03 1.322707E-06 +/-  4.129805E-09
1.157500E+03 1.317720E-06 +/-  4.131142E-09
1.158500E+03 1.304093E-06 +/-  4.097549E-09
1.159500E+03 1.302654E-06 +/-  4.090187E-09
1.160500E+03 1.305452E-06 +/-  4.084264E-09
1.161500E+03 1.289972E-06 +/-  4.062654E-09
1.162500E+03 1.287384E-06 +/-  4.053010E-09
1.163500E+03 1.285957E-06 +/-  4.042354E-09
1.164500E+03 1.282912E-06 +/-  4.027615E-09
1.165500E+03 1.266135E-06 +/-  3.998288E-09
1.166500E+03 1.259487E-06 +/-  3.997376E-09
1.167500E+03 1.266290E-06 +/-  4.010465E-09
1.168500E+03 1.255784E-06 +/-  3.983969E-09
1.169500E+03 1.252052E-06 +/-  3.970738E-09
1.170500E+03 1.245436E-06 +/-  3.970807E-09
1.171500E+03 1.241610E-06 +/-  3.955431E-09
1.172500E+03 1.239660E-06 +/-  3.940783E-09
1.173500E+03 1.224434E-06 +/-  3.906448E-09
1.174500E+03 1.226908E-06 +/-  3.902989E-09
1.175500E+03 1.222401E-06 +/-  3.894678E-09
1.176500E+03 1.222346E-06 +/-  3.905987E-09
1.177500E+03 1.205475E-06 +/-  3.876917E-09
1.178500E+03 1.204751E-06 +/-  3.874625E-09
1.179500E+03 1.202077E-06 +/-  3.872484E-09
1.180500E+03 1.202426E-06 +/-  3.869052E-09
1.181500E+03 1.189647E-06 +/-  3.837270E-09
1.182500E+03 1.182964E-06 +/-  3.817844E-09
1.183500E+03 1.181566E-06 +/-  3.806386E-09
1.184500E+03 1.176141E-06 +/-  3.787185E-09
1.185500E+03 1.174599E-06 +/-  3.774265E-09
1.186500E+03 1.164803E-06 +/-  3.781037E-09
1.187500E+03 1.166253E-06 +/-  3.792239E-09
1.188500E+03 1.153047E-06 +/-  3.757434E-09
1.189500E+03 1.155404E-06 +/-  3.769845E-09
1.190500E+03 1.144916E-06 +/-  3.740992E-09
1.191500E+03 1.144363E-06 +/-  3.731447E-09
1.192500E+03 1.141325E-06 +/-  3.717122E-09
1.193500E+03 1.132399E-06 +/-  3.694560E-09
1.194500E+03 1.130859E-06 +/-  3.683889E-09
1.195500E+03 1.124883E-06 +/-  3.671823E-09
1.196500E+03 1.119155E-06 +/-  3.654796E-09
1.197500E+03 1.119120E-06 +/-  3.677465E-09
1.198500E+03 1.108740E-06 +/-  3.659180E-09
1.199500E+03 1.101517E-06 +/-  3.651471E-09
1.200500E+03 1.101765E-06 +/-  3.644269E-09
1.201500E+03 1.094422E-06 +/-  3.624413E-09
1.202500E+03 1.102118E-06 +/-  3.627559E-09
1.203500E+03 1.086285E-06 +/-  3.599093E-09
1.204500E+03 1.082838E-06 +/-  3.585106E-09
1.205500E+03 1.083205E-06 +/-  3.575340E-09
1.206500E+03 1.073914E-06 +/-  3.553464E-09
1.207500E+03 1.074657E-06 +/-  3.543501E-09
1.208500E+03 1.067729E-06 +/-  3.547349E-09
1.209500E+03 1.062444E-06 +/-  3.548126E-09
1.210500E+03 1.059258E-06 +/-  3.536921E-09
1.211500E+03 1.053723E-06 +/-  3.524305E-09
1.212500E+03 1.047857E-06 +/-  3.506085E-09
1.213500E+03 1.050092E-06 +/-  3.501637E-09
1.214500E+03 1.045974E-06 +/-  3.487471E-09
1.215500E+03 1.038549E-06 +/-  3.466578E-09
1.216500E+03 1.029009E-06 +/-  3.440254E-09
1.217500E+03 1.031401E-06 +/-  3.437288E-09
1.218500E+03 1.020355E-06 +/-  3.409334E-09
1.219500E+03 1.022755E-06 +/-  3.407219E-09
