 u,U -> m,M
x-axis: "Mass{p3+p4}&"  from 1220.000000 to 1520.000000 N_bins= 300
Diff. cross section [pb/GeV]
1.220500E+03 3.131168E-06 +/-  7.669796E-09
1.221500E+03 3.121869E-06 +/-  7.642417E-09
1.222500E+03 3.115619E-06 +/-  7.627173E-09
1.223500E+03 3.086406E-06 +/-  7.558785E-09
1.224500E+03 3.086870E-06 +/-  7.553687E-09
1.225500E+03 3.075434E-06 +/-  7.535932E-09
1.226500E+03 3.047558E-06 +/-  7.468270E-09
1.227500E+03 3.048032E-06 +/-  7.486726E-09
1.228500E+03 3.037112E-06 +/-  7.446273E-09
1.229500E+03 3.022373E-06 +/-  7.424856E-09
1.230500E+03 3.015138E-06 +/-  7.389345E-09
1.231500E+03 2.996343E-06 +/-  7.382282E-09
1.232500E+03 2.991401E-06 +/-  7.352250E-09
1.233500E+03 2.968553E-06 +/-  7.335614E-09
1.234500E+03 2.971504E-06 +/-  7.321381E-09
1.235500E+03 2.945627E-06 +/-  7.291877E-09
1.236500E+03 2.940559E-06 +/-  7.265895E-09
1.237500E+03 2.929182E-06 +/-  7.245757E-09
1.238500E+03 2.923356E-06 +/-  7.217682E-09
1.239500E+03 2.897894E-06 +/-  7.184608E-09
1.240500E+03 2.896976E-06 +/-  7.177771E-09
1.241500E+03 2.880196E-06 +/-  7.141310E-09
1.242500E+03 2.868624E-06 +/-  7.123651E-09
1.243500E+03 2.864981E-06 +/-  7.133351E-09
1.244500E+03 2.847865E-06 +/-  7.081273E-09
1.245500E+03 2.840543E-06 +/-  7.071343E-09
1.246500E+03 2.823374E-06 +/-  7.029722E-09
1.247500E+03 2.825730E-06 +/-  7.062764E-09
1.248500E+03 2.807498E-06 +/-  7.006453E-09
1.249500E+03 2.798326E-06 +/-  6.990901E-09
1.250500E+03 2.778338E-06 +/-  6.945186E-09
1.251500E+03 2.767439E-06 +/-  6.935403E-09
1.252500E+03 2.759107E-06 +/-  6.922350E-09
1.253500E+03 2.758289E-06 +/-  6.904654E-09
1.254500E+03 2.739873E-06 +/-  6.864163E-09
1.255500E+03 2.723961E-06 +/-  6.841056E-09
1.256500E+03 2.722719E-06 +/-  6.842131E-09
1.257500E+03 2.704930E-06 +/-  6.807398E-09
1.258500E+03 2.699775E-06 +/-  6.784055E-09
1.259500E+03 2.685221E-06 +/-  6.763964E-09
1.260500E+03 2.679599E-06 +/-  6.769856E-09
1.261500E+03 2.663782E-06 +/-  6.729141E-09
1.262500E+03 2.661246E-06 +/-  6.719845E-09
1.263500E+03 2.642716E-06 +/-  6.688218E-09
1.264500E+03 2.637436E-06 +/-  6.684807E-09
1.265500E+03 2.629268E-06 +/-  6.665980E-09
1.266500E+03 2.612898E-06 +/-  6.621790E-09
1.267500E+03 2.605566E-06 +/-  6.607543E-09
1.268500E+03 2.596561E-06 +/-  6.610829E-09
1.269500E+03 2.585175E-06 +/-  6.570963E-09
1.270500E+03 2.575697E-06 +/-  6.547982E-09
1.271500E+03 2.566828E-06 +/-  6.536638E-09
1.272500E+03 2.551825E-06 +/-  6.506867E-09
1.273500E+03 2.549389E-06 +/-  6.503700E-09
1.274500E+03 2.538397E-06 +/-  6.493117E-09
1.275500E+03 2.521885E-06 +/-  6.439001E-09
1.276500E+03 2.521354E-06 +/-  6.439564E-09
1.277500E+03 2.503438E-06 +/-  6.418321E-09
1.278500E+03 2.502354E-06 +/-  6.401915E-09
1.279500E+03 2.484749E-06 +/-  6.387511E-09
1.280500E+03 2.483454E-06 +/-  6.374232E-09
1.281500E+03 2.463882E-06 +/-  6.346479E-09
1.282500E+03 2.470028E-06 +/-  6.345979E-09
1.283500E+03 2.442271E-06 +/-  6.294228E-09
1.284500E+03 2.440926E-06 +/-  6.298254E-09
1.285500E+03 2.430323E-06 +/-  6.266565E-09
1.286500E+03 2.420918E-06 +/-  6.246553E-09
1.287500E+03 2.413076E-06 +/-  6.249504E-09
1.288500E+03 2.405613E-06 +/-  6.217120E-09
1.289500E+03 2.396788E-06 +/-  6.192726E-09
1.290500E+03 2.387553E-06 +/-  6.192876E-09
1.291500E+03 2.367998E-06 +/-  6.155058E-09
1.292500E+03 2.373742E-06 +/-  6.157964E-09
1.293500E+03 2.359767E-06 +/-  6.122311E-09
1.294500E+03 2.352895E-06 +/-  6.113581E-09
1.295500E+03 2.337019E-06 +/-  6.094078E-09
1.296500E+03 2.332237E-06 +/-  6.078496E-09
1.297500E+03 2.332108E-06 +/-  6.079142E-09
1.298500E+03 2.305344E-06 +/-  6.011289E-09
1.299500E+03 2.303130E-06 +/-  6.013777E-09
1.300500E+03 2.299397E-06 +/-  6.019275E-09
1.301500E+03 2.285792E-06 +/-  5.989631E-09
1.302500E+03 2.278371E-06 +/-  5.965905E-09
1.303500E+03 2.274090E-06 +/-  5.951349E-09
1.304500E+03 2.261395E-06 +/-  5.928956E-09
1.305500E+03 2.257158E-06 +/-  5.937130E-09
1.306500E+03 2.247687E-06 +/-  5.905544E-09
1.307500E+03 2.228293E-06 +/-  5.876501E-09
1.308500E+03 2.237228E-06 +/-  5.882838E-09
1.309500E+03 2.212744E-06 +/-  5.836814E-09
1.310500E+03 2.214844E-06 +/-  5.855132E-09
1.311500E+03 2.197321E-06 +/-  5.807729E-09
1.312500E+03 2.202558E-06 +/-  5.815203E-09
1.313500E+03 2.182430E-06 +/-  5.776834E-09
1.314500E+03 2.181298E-06 +/-  5.779139E-09
1.315500E+03 2.167070E-06 +/-  5.749257E-09
1.316500E+03 2.169441E-06 +/-  5.754813E-09
1.317500E+03 2.145791E-06 +/-  5.702329E-09
1.318500E+03 2.152652E-06 +/-  5.721621E-09
1.319500E+03 2.136732E-06 +/-  5.686608E-09
1.320500E+03 2.128500E-06 +/-  5.668229E-09
1.321500E+03 2.119793E-06 +/-  5.655428E-09
1.322500E+03 2.117680E-06 +/-  5.653598E-09
1.323500E+03 2.104108E-06 +/-  5.621739E-09
1.324500E+03 2.097946E-06 +/-  5.610899E-09
1.325500E+03 2.093554E-06 +/-  5.591779E-09
1.326500E+03 2.084629E-06 +/-  5.592466E-09
1.327500E+03 2.068568E-06 +/-  5.554330E-09
1.328500E+03 2.068191E-06 +/-  5.545777E-09
1.329500E+03 2.063473E-06 +/-  5.537550E-09
1.330500E+03 2.052917E-06 +/-  5.511894E-09
1.331500E+03 2.045610E-06 +/-  5.512332E-09
1.332500E+03 2.031430E-06 +/-  5.476474E-09
1.333500E+03 2.030430E-06 +/-  5.475773E-09
1.334500E+03 2.024220E-06 +/-  5.462125E-09
1.335500E+03 2.013388E-06 +/-  5.438365E-09
1.336500E+03 2.010536E-06 +/-  5.430387E-09
1.337500E+03 1.996774E-06 +/-  5.405198E-09
1.338500E+03 1.990229E-06 +/-  5.395000E-09
1.339500E+03 1.982726E-06 +/-  5.379731E-09
1.340500E+03 1.982177E-06 +/-  5.375389E-09
1.341500E+03 1.975033E-06 +/-  5.357728E-09
1.342500E+03 1.954574E-06 +/-  5.320375E-09
1.343500E+03 1.956678E-06 +/-  5.330690E-09
1.344500E+03 1.945845E-06 +/-  5.304910E-09
1.345500E+03 1.943690E-06 +/-  5.292812E-09
1.346500E+03 1.936892E-06 +/-  5.287455E-09
1.347500E+03 1.925351E-06 +/-  5.262026E-09
1.348500E+03 1.916525E-06 +/-  5.245901E-09
1.349500E+03 1.915355E-06 +/-  5.239709E-09
1.350500E+03 1.904156E-06 +/-  5.225553E-09
1.351500E+03 1.902833E-06 +/-  5.210032E-09
1.352500E+03 1.890647E-06 +/-  5.190690E-09
1.353500E+03 1.880697E-06 +/-  5.171017E-09
1.354500E+03 1.879466E-06 +/-  5.164246E-09
1.355500E+03 1.872081E-06 +/-  5.156117E-09
1.356500E+03 1.863970E-06 +/-  5.141154E-09
1.357500E+03 1.854625E-06 +/-  5.113826E-09
1.358500E+03 1.855151E-06 +/-  5.124208E-09
1.359500E+03 1.842034E-06 +/-  5.090115E-09
1.360500E+03 1.834666E-06 +/-  5.080897E-09
1.361500E+03 1.830041E-06 +/-  5.067004E-09
1.362500E+03 1.829524E-06 +/-  5.066291E-09
1.363500E+03 1.813012E-06 +/-  5.030582E-09
1.364500E+03 1.811488E-06 +/-  5.029581E-09
1.365500E+03 1.803488E-06 +/-  5.008375E-09
1.366500E+03 1.794688E-06 +/-  4.993922E-09
1.367500E+03 1.790672E-06 +/-  4.996114E-09
1.368500E+03 1.784249E-06 +/-  4.976319E-09
1.369500E+03 1.782695E-06 +/-  4.965119E-09
1.370500E+03 1.771358E-06 +/-  4.943751E-09
1.371500E+03 1.755373E-06 +/-  4.916285E-09
1.372500E+03 1.760146E-06 +/-  4.926218E-09
1.373500E+03 1.761582E-06 +/-  4.927191E-09
1.374500E+03 1.742434E-06 +/-  4.885262E-09
1.375500E+03 1.734301E-06 +/-  4.878275E-09
1.376500E+03 1.735776E-06 +/-  4.871695E-09
1.377500E+03 1.721494E-06 +/-  4.845858E-09
1.378500E+03 1.722825E-06 +/-  4.841429E-09
1.379500E+03 1.715035E-06 +/-  4.833256E-09
1.380500E+03 1.712365E-06 +/-  4.824501E-09
1.381500E+03 1.694662E-06 +/-  4.794855E-09
1.382500E+03 1.698822E-06 +/-  4.798694E-09
1.383500E+03 1.689456E-06 +/-  4.778238E-09
1.384500E+03 1.683861E-06 +/-  4.761238E-09
1.385500E+03 1.677823E-06 +/-  4.748395E-09
1.386500E+03 1.670065E-06 +/-  4.745073E-09
1.387500E+03 1.667444E-06 +/-  4.734332E-09
1.388500E+03 1.658684E-06 +/-  4.718074E-09
1.389500E+03 1.651840E-06 +/-  4.700764E-09
1.390500E+03 1.649828E-06 +/-  4.693937E-09
1.391500E+03 1.636495E-06 +/-  4.668801E-09
1.392500E+03 1.636877E-06 +/-  4.662453E-09
1.393500E+03 1.630842E-06 +/-  4.661314E-09
1.394500E+03 1.625862E-06 +/-  4.650705E-09
1.395500E+03 1.618208E-06 +/-  4.630337E-09
1.396500E+03 1.610893E-06 +/-  4.614752E-09
1.397500E+03 1.607686E-06 +/-  4.609261E-09
1.398500E+03 1.599662E-06 +/-  4.588246E-09
1.399500E+03 1.593004E-06 +/-  4.576234E-09
1.400500E+03 1.592111E-06 +/-  4.575555E-09
1.401500E+03 1.587108E-06 +/-  4.568103E-09
1.402500E+03 1.573701E-06 +/-  4.542827E-09
1.403500E+03 1.573051E-06 +/-  4.532863E-09
1.404500E+03 1.569658E-06 +/-  4.524538E-09
1.405500E+03 1.559987E-06 +/-  4.505195E-09
1.406500E+03 1.559097E-06 +/-  4.501215E-09
1.407500E+03 1.548775E-06 +/-  4.485448E-09
1.408500E+03 1.537103E-06 +/-  4.476484E-09
1.409500E+03 1.544923E-06 +/-  4.473481E-09
1.410500E+03 1.530259E-06 +/-  4.450274E-09
1.411500E+03 1.529493E-06 +/-  4.439842E-09
1.412500E+03 1.521188E-06 +/-  4.425415E-09
1.413500E+03 1.516319E-06 +/-  4.409336E-09
1.414500E+03 1.519952E-06 +/-  4.425612E-09
1.415500E+03 1.502600E-06 +/-  4.400220E-09
1.416500E+03 1.496260E-06 +/-  4.379953E-09
1.417500E+03 1.495909E-06 +/-  4.373846E-09
1.418500E+03 1.491560E-06 +/-  4.366875E-09
1.419500E+03 1.488196E-06 +/-  4.352313E-09
1.420500E+03 1.479217E-06 +/-  4.329595E-09
1.421500E+03 1.472685E-06 +/-  4.325875E-09
1.422500E+03 1.473372E-06 +/-  4.331189E-09
1.423500E+03 1.462042E-06 +/-  4.310199E-09
1.424500E+03 1.456926E-06 +/-  4.291762E-09
1.425500E+03 1.454891E-06 +/-  4.288871E-09
1.426500E+03 1.450141E-06 +/-  4.271485E-09
1.427500E+03 1.444108E-06 +/-  4.259464E-09
1.428500E+03 1.440749E-06 +/-  4.249524E-09
1.429500E+03 1.432525E-06 +/-  4.239997E-09
1.430500E+03 1.427625E-06 +/-  4.236168E-09
1.431500E+03 1.422994E-06 +/-  4.222893E-09
1.432500E+03 1.417675E-06 +/-  4.206133E-09
1.433500E+03 1.412321E-06 +/-  4.196852E-09
1.434500E+03 1.410786E-06 +/-  4.189887E-09
1.435500E+03 1.406089E-06 +/-  4.178718E-09
1.436500E+03 1.395826E-06 +/-  4.152597E-09
1.437500E+03 1.393529E-06 +/-  4.159886E-09
1.438500E+03 1.392458E-06 +/-  4.157710E-09
1.439500E+03 1.382915E-06 +/-  4.134829E-09
1.440500E+03 1.380186E-06 +/-  4.124308E-09
1.441500E+03 1.374935E-06 +/-  4.119561E-09
1.442500E+03 1.371091E-06 +/-  4.105123E-09
1.443500E+03 1.362328E-06 +/-  4.088329E-09
1.444500E+03 1.363048E-06 +/-  4.080190E-09
1.445500E+03 1.352434E-06 +/-  4.069016E-09
1.446500E+03 1.347360E-06 +/-  4.068035E-09
1.447500E+03 1.347035E-06 +/-  4.056964E-09
1.448500E+03 1.344907E-06 +/-  4.051371E-09
1.449500E+03 1.333566E-06 +/-  4.028842E-09
1.450500E+03 1.331759E-06 +/-  4.025013E-09
1.451500E+03 1.332181E-06 +/-  4.020125E-09
1.452500E+03 1.321455E-06 +/-  3.993505E-09
1.453500E+03 1.313903E-06 +/-  3.979406E-09
1.454500E+03 1.312212E-06 +/-  3.986647E-09
1.455500E+03 1.313907E-06 +/-  3.983204E-09
1.456500E+03 1.302120E-06 +/-  3.956146E-09
1.457500E+03 1.297806E-06 +/-  3.956525E-09
1.458500E+03 1.300046E-06 +/-  3.956268E-09
1.459500E+03 1.286850E-06 +/-  3.926016E-09
1.460500E+03 1.291461E-06 +/-  3.927166E-09
1.461500E+03 1.273219E-06 +/-  3.884996E-09
1.462500E+03 1.281313E-06 +/-  3.907828E-09
1.463500E+03 1.271299E-06 +/-  3.900553E-09
1.464500E+03 1.267168E-06 +/-  3.885213E-09
1.465500E+03 1.264689E-06 +/-  3.886896E-09
1.466500E+03 1.263424E-06 +/-  3.880828E-09
1.467500E+03 1.251995E-06 +/-  3.854991E-09
1.468500E+03 1.256429E-06 +/-  3.856405E-09
1.469500E+03 1.245717E-06 +/-  3.828435E-09
1.470500E+03 1.244072E-06 +/-  3.817995E-09
1.471500E+03 1.234405E-06 +/-  3.815029E-09
1.472500E+03 1.232691E-06 +/-  3.815800E-09
1.473500E+03 1.231435E-06 +/-  3.809994E-09
1.474500E+03 1.229459E-06 +/-  3.808206E-09
1.475500E+03 1.222023E-06 +/-  3.788993E-09
1.476500E+03 1.211898E-06 +/-  3.765602E-09
1.477500E+03 1.217781E-06 +/-  3.766000E-09
1.478500E+03 1.204832E-06 +/-  3.738932E-09
1.479500E+03 1.201231E-06 +/-  3.727363E-09
1.480500E+03 1.202501E-06 +/-  3.738784E-09
1.481500E+03 1.196838E-06 +/-  3.740252E-09
1.482500E+03 1.194677E-06 +/-  3.727757E-09
1.483500E+03 1.187703E-06 +/-  3.717290E-09
1.484500E+03 1.184136E-06 +/-  3.705431E-09
1.485500E+03 1.174443E-06 +/-  3.682267E-09
1.486500E+03 1.177872E-06 +/-  3.679227E-09
1.487500E+03 1.167647E-06 +/-  3.657835E-09
1.488500E+03 1.173060E-06 +/-  3.663389E-09
1.489500E+03 1.166855E-06 +/-  3.650250E-09
1.490500E+03 1.156845E-06 +/-  3.649647E-09
1.491500E+03 1.156749E-06 +/-  3.646812E-09
1.492500E+03 1.151222E-06 +/-  3.637594E-09
1.493500E+03 1.152090E-06 +/-  3.634521E-09
1.494500E+03 1.143010E-06 +/-  3.610288E-09
1.495500E+03 1.139818E-06 +/-  3.596930E-09
1.496500E+03 1.133310E-06 +/-  3.586787E-09
1.497500E+03 1.130803E-06 +/-  3.573010E-09
1.498500E+03 1.134867E-06 +/-  3.573935E-09
1.499500E+03 1.126121E-06 +/-  3.563754E-09
1.500500E+03 1.115191E-06 +/-  3.558665E-09
1.501500E+03 1.116042E-06 +/-  3.563700E-09
1.502500E+03 1.111621E-06 +/-  3.547401E-09
1.503500E+03 1.113089E-06 +/-  3.546679E-09
1.504500E+03 1.108910E-06 +/-  3.538164E-09
1.505500E+03 1.098133E-06 +/-  3.512599E-09
1.506500E+03 1.099254E-06 +/-  3.505983E-09
1.507500E+03 1.093643E-06 +/-  3.489957E-09
1.508500E+03 1.094750E-06 +/-  3.487554E-09
1.509500E+03 1.081924E-06 +/-  3.464023E-09
1.510500E+03 1.081174E-06 +/-  3.477982E-09
1.511500E+03 1.079468E-06 +/-  3.470914E-09
1.512500E+03 1.075375E-06 +/-  3.458610E-09
1.513500E+03 1.076638E-06 +/-  3.455707E-09
1.514500E+03 1.071107E-06 +/-  3.440510E-09
1.515500E+03 1.067127E-06 +/-  3.425414E-09
1.516500E+03 1.057740E-06 +/-  3.405244E-09
1.517500E+03 1.059251E-06 +/-  3.398779E-09
1.518500E+03 1.049009E-06 +/-  3.376371E-09
1.519500E+03 1.055925E-06 +/-  3.381431E-09
