 u,U -> m,M
x-axis: "Mass{p3+p4}"  from 20.000000 to 320.000000 N_bins= 300
Diff. cross section [pb/GeV]
2.050000E+01 0.000000E+00 +/-  0.000000E+00
2.150000E+01 0.000000E+00 +/-  0.000000E+00
2.250000E+01 0.000000E+00 +/-  0.000000E+00
2.350000E+01 0.000000E+00 +/-  0.000000E+00
2.450000E+01 0.000000E+00 +/-  0.000000E+00
2.550000E+01 0.000000E+00 +/-  0.000000E+00
2.650000E+01 0.000000E+00 +/-  0.000000E+00
2.750000E+01 0.000000E+00 +/-  0.000000E+00
2.850000E+01 0.000000E+00 +/-  0.000000E+00
2.950000E+01 0.000000E+00 +/-  0.000000E+00
3.050000E+01 0.000000E+00 +/-  0.000000E+00
3.150000E+01 0.000000E+00 +/-  0.000000E+00
3.250000E+01 0.000000E+00 +/-  0.000000E+00
3.350000E+01 0.000000E+00 +/-  0.000000E+00
3.450000E+01 0.000000E+00 +/-  0.000000E+00
3.550000E+01 0.000000E+00 +/-  0.000000E+00
3.650000E+01 0.000000E+00 +/-  0.000000E+00
3.750000E+01 0.000000E+00 +/-  0.000000E+00
3.850000E+01 0.000000E+00 +/-  0.000000E+00
3.950000E+01 0.000000E+00 +/-  0.000000E+00
4.050000E+01 0.000000E+00 +/-  0.000000E+00
4.150000E+01 0.000000E+00 +/-  0.000000E+00
4.250000E+01 0.000000E+00 +/-  0.000000E+00
4.350000E+01 0.000000E+00 +/-  0.000000E+00
4.450000E+01 0.000000E+00 +/-  0.000000E+00
4.550000E+01 0.000000E+00 +/-  0.000000E+00
4.650000E+01 0.000000E+00 +/-  0.000000E+00
4.750000E+01 0.000000E+00 +/-  0.000000E+00
4.850000E+01 0.000000E+00 +/-  0.000000E+00
4.950000E+01 0.000000E+00 +/-  0.000000E+00
5.050000E+01 0.000000E+00 +/-  0.000000E+00
5.150000E+01 0.000000E+00 +/-  0.000000E+00
5.250000E+01 0.000000E+00 +/-  0.000000E+00
5.350000E+01 0.000000E+00 +/-  0.000000E+00
5.450000E+01 0.000000E+00 +/-  0.000000E+00
5.550000E+01 0.000000E+00 +/-  0.000000E+00
5.650000E+01 0.000000E+00 +/-  0.000000E+00
5.750000E+01 0.000000E+00 +/-  0.000000E+00
5.850000E+01 0.000000E+00 +/-  0.000000E+00
5.950000E+01 0.000000E+00 +/-  0.000000E+00
6.050000E+01 0.000000E+00 +/-  0.000000E+00
6.150000E+01 0.000000E+00 +/-  0.000000E+00
6.250000E+01 0.000000E+00 +/-  0.000000E+00
6.350000E+01 0.000000E+00 +/-  0.000000E+00
6.450000E+01 0.000000E+00 +/-  0.000000E+00
6.550000E+01 0.000000E+00 +/-  0.000000E+00
6.650000E+01 0.000000E+00 +/-  0.000000E+00
6.750000E+01 0.000000E+00 +/-  0.000000E+00
6.850000E+01 0.000000E+00 +/-  0.000000E+00
6.950000E+01 0.000000E+00 +/-  0.000000E+00
7.050000E+01 0.000000E+00 +/-  0.000000E+00
7.150000E+01 0.000000E+00 +/-  0.000000E+00
7.250000E+01 0.000000E+00 +/-  0.000000E+00
7.350000E+01 0.000000E+00 +/-  0.000000E+00
7.450000E+01 0.000000E+00 +/-  0.000000E+00
7.550000E+01 0.000000E+00 +/-  0.000000E+00
7.650000E+01 0.000000E+00 +/-  0.000000E+00
7.750000E+01 0.000000E+00 +/-  0.000000E+00
7.850000E+01 0.000000E+00 +/-  0.000000E+00
7.950000E+01 0.000000E+00 +/-  0.000000E+00
8.050000E+01 0.000000E+00 +/-  0.000000E+00
8.150000E+01 0.000000E+00 +/-  0.000000E+00
8.250000E+01 0.000000E+00 +/-  0.000000E+00
8.350000E+01 0.000000E+00 +/-  0.000000E+00
8.450000E+01 0.000000E+00 +/-  0.000000E+00
8.550000E+01 0.000000E+00 +/-  0.000000E+00
8.650000E+01 0.000000E+00 +/-  0.000000E+00
8.750000E+01 0.000000E+00 +/-  0.000000E+00
8.850000E+01 0.000000E+00 +/-  0.000000E+00
8.950000E+01 0.000000E+00 +/-  0.000000E+00
9.050000E+01 0.000000E+00 +/-  0.000000E+00
9.150000E+01 0.000000E+00 +/-  0.000000E+00
9.250000E+01 0.000000E+00 +/-  0.000000E+00
9.350000E+01 0.000000E+00 +/-  0.000000E+00
9.450000E+01 0.000000E+00 +/-  0.000000E+00
9.550000E+01 0.000000E+00 +/-  0.000000E+00
9.650000E+01 0.000000E+00 +/-  0.000000E+00
9.750000E+01 0.000000E+00 +/-  0.000000E+00
9.850000E+01 0.000000E+00 +/-  0.000000E+00
9.950000E+01 0.000000E+00 +/-  0.000000E+00
1.005000E+02 9.604610E-03 +/-  7.138988E-05
1.015000E+02 1.698688E-02 +/-  9.008602E-05
1.025000E+02 2.102809E-02 +/-  9.542629E-05
1.035000E+02 2.409896E-02 +/-  9.856402E-05
1.045000E+02 2.607077E-02 +/-  1.000975E-04
1.055000E+02 2.782693E-02 +/-  1.015572E-04
1.065000E+02 2.893842E-02 +/-  1.007503E-04
1.075000E+02 3.002290E-02 +/-  1.009725E-04
1.085000E+02 3.082596E-02 +/-  1.016509E-04
1.095000E+02 3.132452E-02 +/-  1.002752E-04
1.105000E+02 3.149070E-02 +/-  9.714494E-05
1.115000E+02 3.187401E-02 +/-  9.690143E-05
1.125000E+02 3.186199E-02 +/-  9.467826E-05
1.135000E+02 3.192119E-02 +/-  9.330897E-05
1.145000E+02 3.199126E-02 +/-  9.218856E-05
1.155000E+02 3.175635E-02 +/-  9.020316E-05
1.165000E+02 3.153439E-02 +/-  8.798881E-05
1.175000E+02 3.130523E-02 +/-  8.615504E-05
1.185000E+02 3.106771E-02 +/-  8.462816E-05
1.195000E+02 3.066389E-02 +/-  8.216577E-05
1.205000E+02 3.042840E-02 +/-  8.132527E-05
1.215000E+02 3.011176E-02 +/-  8.030525E-05
1.225000E+02 2.948741E-02 +/-  7.796488E-05
1.235000E+02 2.933028E-02 +/-  7.761258E-05
1.245000E+02 2.878219E-02 +/-  7.513292E-05
1.255000E+02 2.834676E-02 +/-  7.313067E-05
1.265000E+02 2.788846E-02 +/-  7.152103E-05
1.275000E+02 2.750782E-02 +/-  7.014228E-05
1.285000E+02 2.702081E-02 +/-  6.912445E-05
1.295000E+02 2.648870E-02 +/-  6.709774E-05
1.305000E+02 2.615017E-02 +/-  6.666405E-05
1.315000E+02 2.568707E-02 +/-  6.543151E-05
1.325000E+02 2.523957E-02 +/-  6.385619E-05
1.335000E+02 2.477226E-02 +/-  6.244178E-05
1.345000E+02 2.429548E-02 +/-  6.083028E-05
1.355000E+02 2.376657E-02 +/-  5.924448E-05
1.365000E+02 2.347209E-02 +/-  5.890817E-05
1.375000E+02 2.287995E-02 +/-  5.729918E-05
1.385000E+02 2.255374E-02 +/-  5.670275E-05
1.395000E+02 2.206149E-02 +/-  5.523591E-05
1.405000E+02 2.163203E-02 +/-  5.408765E-05
1.415000E+02 2.127733E-02 +/-  5.308052E-05
1.425000E+02 2.078137E-02 +/-  5.182290E-05
1.435000E+02 2.043294E-02 +/-  5.074842E-05
1.445000E+02 2.001054E-02 +/-  5.005623E-05
1.455000E+02 1.963221E-02 +/-  4.967979E-05
1.465000E+02 1.923317E-02 +/-  4.840766E-05
1.475000E+02 1.882484E-02 +/-  4.740695E-05
1.485000E+02 1.853683E-02 +/-  4.678001E-05
1.495000E+02 1.809462E-02 +/-  4.550097E-05
1.505000E+02 1.772145E-02 +/-  4.463360E-05
1.515000E+02 1.738504E-02 +/-  4.386515E-05
1.525000E+02 1.712769E-02 +/-  4.357311E-05
1.535000E+02 1.661895E-02 +/-  4.240731E-05
1.545000E+02 1.640474E-02 +/-  4.189309E-05
1.555000E+02 1.603011E-02 +/-  4.093777E-05
1.565000E+02 1.573799E-02 +/-  4.041807E-05
1.575000E+02 1.538802E-02 +/-  3.951490E-05
1.585000E+02 1.517080E-02 +/-  3.882694E-05
1.595000E+02 1.475907E-02 +/-  3.802813E-05
1.605000E+02 1.450815E-02 +/-  3.756262E-05
1.615000E+02 1.424818E-02 +/-  3.691338E-05
1.625000E+02 1.391554E-02 +/-  3.616503E-05
1.635000E+02 1.365183E-02 +/-  3.560133E-05
1.645000E+02 1.337803E-02 +/-  3.541195E-05
1.655000E+02 1.317875E-02 +/-  3.484225E-05
1.665000E+02 1.283022E-02 +/-  3.414825E-05
1.675000E+02 1.260315E-02 +/-  3.353768E-05
1.685000E+02 1.238252E-02 +/-  3.312681E-05
1.695000E+02 1.211741E-02 +/-  3.261195E-05
1.705000E+02 1.188266E-02 +/-  3.208071E-05
1.715000E+02 1.167208E-02 +/-  3.157626E-05
1.725000E+02 1.140582E-02 +/-  3.090689E-05
1.735000E+02 1.118919E-02 +/-  3.053640E-05
1.745000E+02 1.099407E-02 +/-  3.025958E-05
1.755000E+02 1.078487E-02 +/-  2.968430E-05
1.765000E+02 1.052447E-02 +/-  2.908303E-05
1.775000E+02 1.035378E-02 +/-  2.872302E-05
1.785000E+02 1.017956E-02 +/-  2.840088E-05
1.795000E+02 9.981345E-03 +/-  2.806182E-05
1.805000E+02 9.761433E-03 +/-  2.753880E-05
1.815000E+02 9.572457E-03 +/-  2.706182E-05
1.825000E+02 9.425116E-03 +/-  2.680921E-05
1.835000E+02 9.201622E-03 +/-  2.620562E-05
1.845000E+02 9.059599E-03 +/-  2.613356E-05
1.855000E+02 8.895880E-03 +/-  2.568903E-05
1.865000E+02 8.704230E-03 +/-  2.528460E-05
1.875000E+02 8.562557E-03 +/-  2.490091E-05
1.885000E+02 8.388232E-03 +/-  2.447675E-05
1.895000E+02 8.218728E-03 +/-  2.420904E-05
1.905000E+02 8.070900E-03 +/-  2.388212E-05
1.915000E+02 7.964794E-03 +/-  2.372348E-05
1.925000E+02 7.770135E-03 +/-  2.317250E-05
1.935000E+02 7.650606E-03 +/-  2.294418E-05
1.945000E+02 7.481730E-03 +/-  2.248889E-05
1.955000E+02 7.382268E-03 +/-  2.234497E-05
1.965000E+02 7.230823E-03 +/-  2.203160E-05
1.975000E+02 7.084700E-03 +/-  2.188202E-05
1.985000E+02 6.956020E-03 +/-  2.142451E-05
1.995000E+02 6.859118E-03 +/-  2.121004E-05
2.005000E+02 6.729784E-03 +/-  2.088809E-05
2.015000E+02 6.579376E-03 +/-  2.050898E-05
2.025000E+02 6.480978E-03 +/-  2.050109E-05
2.035000E+02 6.377480E-03 +/-  2.027429E-05
2.045000E+02 6.255228E-03 +/-  2.002931E-05
2.055000E+02 6.147762E-03 +/-  1.972684E-05
2.065000E+02 6.033917E-03 +/-  1.942197E-05
2.075000E+02 5.919524E-03 +/-  1.923180E-05
2.085000E+02 5.820784E-03 +/-  1.898215E-05
2.095000E+02 5.730611E-03 +/-  1.878695E-05
2.105000E+02 5.622312E-03 +/-  1.871433E-05
2.115000E+02 5.507561E-03 +/-  1.852020E-05
2.125000E+02 5.445017E-03 +/-  1.827264E-05
2.135000E+02 5.323161E-03 +/-  1.787068E-05
2.145000E+02 5.235776E-03 +/-  1.768956E-05
2.155000E+02 5.144116E-03 +/-  1.757684E-05
2.165000E+02 5.064200E-03 +/-  1.734622E-05
2.175000E+02 4.979084E-03 +/-  1.690593E-05
2.185000E+02 4.883372E-03 +/-  1.696232E-05
2.195000E+02 4.813195E-03 +/-  1.696960E-05
2.205000E+02 4.735651E-03 +/-  1.671179E-05
2.215000E+02 4.632891E-03 +/-  1.638340E-05
2.225000E+02 4.572565E-03 +/-  1.614148E-05
2.235000E+02 4.511887E-03 +/-  1.611429E-05
2.245000E+02 4.382047E-03 +/-  1.580239E-05
2.255000E+02 4.357277E-03 +/-  1.560500E-05
2.265000E+02 4.301706E-03 +/-  1.536180E-05
2.275000E+02 4.187584E-03 +/-  1.521561E-05
2.285000E+02 4.127427E-03 +/-  1.522492E-05
2.295000E+02 4.059581E-03 +/-  1.522800E-05
2.305000E+02 3.987212E-03 +/-  1.492288E-05
2.315000E+02 3.935890E-03 +/-  1.465973E-05
2.325000E+02 3.867319E-03 +/-  1.437091E-05
2.335000E+02 3.799264E-03 +/-  1.435673E-05
2.345000E+02 3.767887E-03 +/-  1.429458E-05
2.355000E+02 3.684885E-03 +/-  1.404038E-05
2.365000E+02 3.625152E-03 +/-  1.393335E-05
2.375000E+02 3.566815E-03 +/-  1.385223E-05
2.385000E+02 3.507903E-03 +/-  1.358070E-05
2.395000E+02 3.451290E-03 +/-  1.349970E-05
2.405000E+02 3.409882E-03 +/-  1.353891E-05
2.415000E+02 3.334225E-03 +/-  1.323741E-05
2.425000E+02 3.309253E-03 +/-  1.310025E-05
2.435000E+02 3.251628E-03 +/-  1.290499E-05
2.445000E+02 3.207465E-03 +/-  1.281660E-05
2.455000E+02 3.124426E-03 +/-  1.274927E-05
2.465000E+02 3.081435E-03 +/-  1.250027E-05
2.475000E+02 3.031208E-03 +/-  1.250701E-05
2.485000E+02 2.996931E-03 +/-  1.230543E-05
2.495000E+02 2.959121E-03 +/-  1.215451E-05
2.505000E+02 2.900905E-03 +/-  1.194618E-05
2.515000E+02 2.877224E-03 +/-  1.178047E-05
2.525000E+02 2.809351E-03 +/-  1.157295E-05
2.535000E+02 2.776793E-03 +/-  1.170464E-05
2.545000E+02 2.733220E-03 +/-  1.161164E-05
2.555000E+02 2.705080E-03 +/-  1.156598E-05
2.565000E+02 2.642754E-03 +/-  1.123830E-05
2.575000E+02 2.605126E-03 +/-  1.106807E-05
2.585000E+02 2.565907E-03 +/-  1.123831E-05
2.595000E+02 2.549320E-03 +/-  1.141480E-05
2.605000E+02 2.494525E-03 +/-  1.115924E-05
2.615000E+02 2.461020E-03 +/-  1.102705E-05
2.625000E+02 2.416505E-03 +/-  1.084567E-05
2.635000E+02 2.388109E-03 +/-  1.069584E-05
2.645000E+02 2.352568E-03 +/-  1.051144E-05
2.655000E+02 2.318713E-03 +/-  1.031072E-05
2.665000E+02 2.281346E-03 +/-  1.016559E-05
2.675000E+02 2.266103E-03 +/-  1.014324E-05
2.685000E+02 2.213864E-03 +/-  9.919902E-06
2.695000E+02 2.191381E-03 +/-  9.759569E-06
2.705000E+02 2.154502E-03 +/-  9.815925E-06
2.715000E+02 2.141739E-03 +/-  1.013137E-05
2.725000E+02 2.084345E-03 +/-  9.860922E-06
2.735000E+02 2.059842E-03 +/-  9.746824E-06
2.745000E+02 2.046371E-03 +/-  9.666184E-06
2.755000E+02 1.998206E-03 +/-  9.671571E-06
2.765000E+02 1.972975E-03 +/-  9.702490E-06
2.775000E+02 1.956976E-03 +/-  9.629437E-06
2.785000E+02 1.914040E-03 +/-  9.315002E-06
2.795000E+02 1.902020E-03 +/-  9.282311E-06
2.805000E+02 1.867361E-03 +/-  9.133682E-06
2.815000E+02 1.826417E-03 +/-  8.851617E-06
2.825000E+02 1.827567E-03 +/-  8.877131E-06
2.835000E+02 1.792660E-03 +/-  8.687899E-06
2.845000E+02 1.768075E-03 +/-  8.586766E-06
2.855000E+02 1.744975E-03 +/-  8.509629E-06
2.865000E+02 1.723653E-03 +/-  8.536201E-06
2.875000E+02 1.685272E-03 +/-  8.324530E-06
2.885000E+02 1.675656E-03 +/-  8.289513E-06
2.895000E+02 1.654441E-03 +/-  8.167322E-06
2.905000E+02 1.627744E-03 +/-  8.006467E-06
2.915000E+02 1.594300E-03 +/-  7.831238E-06
2.925000E+02 1.580098E-03 +/-  7.995584E-06
2.935000E+02 1.560613E-03 +/-  8.075179E-06
2.945000E+02 1.549438E-03 +/-  8.041276E-06
2.955000E+02 1.506290E-03 +/-  7.846958E-06
2.965000E+02 1.503018E-03 +/-  8.071842E-06
2.975000E+02 1.482852E-03 +/-  7.942614E-06
2.985000E+02 1.457028E-03 +/-  7.703324E-06
2.995000E+02 1.437879E-03 +/-  7.614902E-06
3.005000E+02 1.419425E-03 +/-  7.527187E-06
3.015000E+02 1.408152E-03 +/-  7.538551E-06
3.025000E+02 1.387486E-03 +/-  7.528778E-06
3.035000E+02 1.379282E-03 +/-  7.469436E-06
3.045000E+02 1.337565E-03 +/-  7.244118E-06
3.055000E+02 1.327778E-03 +/-  7.192426E-06
3.065000E+02 1.301426E-03 +/-  7.018941E-06
3.075000E+02 1.297747E-03 +/-  7.022206E-06
3.085000E+02 1.282145E-03 +/-  6.868827E-06
3.095000E+02 1.263940E-03 +/-  6.778940E-06
3.105000E+02 1.237404E-03 +/-  6.636334E-06
3.115000E+02 1.244902E-03 +/-  6.675070E-06
3.125000E+02 1.221729E-03 +/-  6.526259E-06
3.135000E+02 1.194336E-03 +/-  6.386258E-06
3.145000E+02 1.179057E-03 +/-  6.297409E-06
3.155000E+02 1.167312E-03 +/-  6.233466E-06
3.165000E+02 1.153719E-03 +/-  6.087787E-06
3.175000E+02 1.149281E-03 +/-  6.203689E-06
3.185000E+02 1.119788E-03 +/-  5.996502E-06
3.195000E+02 1.120195E-03 +/-  5.957579E-06
