 u,U -> m,M
x-axis: "Mass{p3+p4}"  from 620.000000 to 920.000000 N_bins= 300
Diff. cross section [pb/GeV]
6.205000E+02 2.312808E-05 +/-  5.425852E-08
6.215000E+02 2.296325E-05 +/-  5.386428E-08
6.225000E+02 2.274489E-05 +/-  5.323946E-08
6.235000E+02 2.265030E-05 +/-  5.298281E-08
6.245000E+02 2.251897E-05 +/-  5.282961E-08
6.255000E+02 2.234541E-05 +/-  5.231730E-08
6.265000E+02 2.214721E-05 +/-  5.194530E-08
6.275000E+02 2.199892E-05 +/-  5.179706E-08
6.285000E+02 2.183843E-05 +/-  5.145847E-08
6.295000E+02 2.172271E-05 +/-  5.105848E-08
6.305000E+02 2.153167E-05 +/-  5.072559E-08
6.315000E+02 2.144750E-05 +/-  5.053594E-08
6.325000E+02 2.117767E-05 +/-  4.997300E-08
6.335000E+02 2.109027E-05 +/-  4.977963E-08
6.345000E+02 2.093283E-05 +/-  4.961179E-08
6.355000E+02 2.086164E-05 +/-  4.962745E-08
6.365000E+02 2.062929E-05 +/-  4.885164E-08
6.375000E+02 2.049250E-05 +/-  4.870646E-08
6.385000E+02 2.036271E-05 +/-  4.837867E-08
6.395000E+02 2.022818E-05 +/-  4.795664E-08
6.405000E+02 2.006514E-05 +/-  4.794157E-08
6.415000E+02 1.998217E-05 +/-  4.784803E-08
6.425000E+02 1.981160E-05 +/-  4.746541E-08
6.435000E+02 1.962988E-05 +/-  4.697246E-08
6.445000E+02 1.961452E-05 +/-  4.705908E-08
6.455000E+02 1.936469E-05 +/-  4.640626E-08
6.465000E+02 1.925271E-05 +/-  4.622294E-08
6.475000E+02 1.911992E-05 +/-  4.592809E-08
6.485000E+02 1.901334E-05 +/-  4.576951E-08
6.495000E+02 1.891155E-05 +/-  4.572863E-08
6.505000E+02 1.875122E-05 +/-  4.544544E-08
6.515000E+02 1.859036E-05 +/-  4.500828E-08
6.525000E+02 1.852023E-05 +/-  4.491293E-08
6.535000E+02 1.839141E-05 +/-  4.457296E-08
6.545000E+02 1.822610E-05 +/-  4.421320E-08
6.555000E+02 1.807301E-05 +/-  4.383422E-08
6.565000E+02 1.803542E-05 +/-  4.392332E-08
6.575000E+02 1.787002E-05 +/-  4.361233E-08
6.585000E+02 1.774794E-05 +/-  4.337580E-08
6.595000E+02 1.764453E-05 +/-  4.314975E-08
6.605000E+02 1.749237E-05 +/-  4.296183E-08
6.615000E+02 1.740711E-05 +/-  4.269015E-08
6.625000E+02 1.728781E-05 +/-  4.235909E-08
6.635000E+02 1.715324E-05 +/-  4.214767E-08
6.645000E+02 1.705906E-05 +/-  4.198950E-08
6.655000E+02 1.694859E-05 +/-  4.174324E-08
6.665000E+02 1.678514E-05 +/-  4.143713E-08
6.675000E+02 1.676595E-05 +/-  4.139968E-08
6.685000E+02 1.659913E-05 +/-  4.104161E-08
6.695000E+02 1.649328E-05 +/-  4.085992E-08
6.705000E+02 1.639507E-05 +/-  4.069216E-08
6.715000E+02 1.625649E-05 +/-  4.053225E-08
6.725000E+02 1.613944E-05 +/-  4.018524E-08
6.735000E+02 1.606592E-05 +/-  4.001108E-08
6.745000E+02 1.595373E-05 +/-  3.984634E-08
6.755000E+02 1.582392E-05 +/-  3.959187E-08
6.765000E+02 1.574011E-05 +/-  3.944326E-08
6.775000E+02 1.565822E-05 +/-  3.911878E-08
6.785000E+02 1.550864E-05 +/-  3.895071E-08
6.795000E+02 1.546511E-05 +/-  3.890917E-08
6.805000E+02 1.532890E-05 +/-  3.856253E-08
6.815000E+02 1.520691E-05 +/-  3.828721E-08
6.825000E+02 1.511185E-05 +/-  3.804120E-08
6.835000E+02 1.507337E-05 +/-  3.813933E-08
6.845000E+02 1.494516E-05 +/-  3.795926E-08
6.855000E+02 1.478239E-05 +/-  3.750966E-08
6.865000E+02 1.477183E-05 +/-  3.740607E-08
6.875000E+02 1.466202E-05 +/-  3.727119E-08
6.885000E+02 1.451412E-05 +/-  3.709062E-08
6.895000E+02 1.450697E-05 +/-  3.701056E-08
6.905000E+02 1.430212E-05 +/-  3.645371E-08
6.915000E+02 1.429112E-05 +/-  3.649839E-08
6.925000E+02 1.421724E-05 +/-  3.639329E-08
6.935000E+02 1.407150E-05 +/-  3.611516E-08
6.945000E+02 1.397191E-05 +/-  3.583070E-08
6.955000E+02 1.389592E-05 +/-  3.572180E-08
6.965000E+02 1.383873E-05 +/-  3.565592E-08
6.975000E+02 1.372686E-05 +/-  3.537436E-08
6.985000E+02 1.362538E-05 +/-  3.519932E-08
6.995000E+02 1.354539E-05 +/-  3.502536E-08
7.005000E+02 1.346516E-05 +/-  3.487426E-08
7.015000E+02 1.338350E-05 +/-  3.476485E-08
7.025000E+02 1.332046E-05 +/-  3.455989E-08
7.035000E+02 1.322195E-05 +/-  3.439163E-08
7.045000E+02 1.312320E-05 +/-  3.422144E-08
7.055000E+02 1.301517E-05 +/-  3.404574E-08
7.065000E+02 1.301128E-05 +/-  3.395534E-08
7.075000E+02 1.285708E-05 +/-  3.366881E-08
7.085000E+02 1.281225E-05 +/-  3.356181E-08
7.095000E+02 1.269209E-05 +/-  3.329428E-08
7.105000E+02 1.263432E-05 +/-  3.328288E-08
7.115000E+02 1.255670E-05 +/-  3.311778E-08
7.125000E+02 1.248644E-05 +/-  3.287255E-08
7.135000E+02 1.239265E-05 +/-  3.264579E-08
7.145000E+02 1.233953E-05 +/-  3.257968E-08
7.155000E+02 1.223260E-05 +/-  3.250539E-08
7.165000E+02 1.216554E-05 +/-  3.231164E-08
7.175000E+02 1.208054E-05 +/-  3.207661E-08
7.185000E+02 1.202154E-05 +/-  3.190559E-08
7.195000E+02 1.195336E-05 +/-  3.172944E-08
7.205000E+02 1.184437E-05 +/-  3.169283E-08
7.215000E+02 1.178588E-05 +/-  3.157452E-08
7.225000E+02 1.173634E-05 +/-  3.140798E-08
7.235000E+02 1.166452E-05 +/-  3.118693E-08
7.245000E+02 1.157638E-05 +/-  3.100240E-08
7.255000E+02 1.148530E-05 +/-  3.091050E-08
7.265000E+02 1.146432E-05 +/-  3.089399E-08
7.275000E+02 1.136609E-05 +/-  3.071993E-08
7.285000E+02 1.126356E-05 +/-  3.037475E-08
7.295000E+02 1.121141E-05 +/-  3.020516E-08
7.305000E+02 1.118531E-05 +/-  3.026951E-08
7.315000E+02 1.108999E-05 +/-  3.015971E-08
7.325000E+02 1.099560E-05 +/-  2.999873E-08
7.335000E+02 1.094659E-05 +/-  2.978365E-08
7.345000E+02 1.083105E-05 +/-  2.947504E-08
7.355000E+02 1.087511E-05 +/-  2.953019E-08
7.365000E+02 1.075914E-05 +/-  2.942734E-08
7.375000E+02 1.066360E-05 +/-  2.931069E-08
7.385000E+02 1.064441E-05 +/-  2.920362E-08
7.395000E+02 1.054794E-05 +/-  2.894095E-08
7.405000E+02 1.045581E-05 +/-  2.872071E-08
7.415000E+02 1.045085E-05 +/-  2.871132E-08
7.425000E+02 1.036307E-05 +/-  2.861252E-08
7.435000E+02 1.031475E-05 +/-  2.853534E-08
7.445000E+02 1.026594E-05 +/-  2.844377E-08
7.455000E+02 1.017859E-05 +/-  2.819298E-08
7.465000E+02 1.005274E-05 +/-  2.792549E-08
7.475000E+02 1.009429E-05 +/-  2.793638E-08
7.485000E+02 9.992230E-06 +/-  2.780402E-08
7.495000E+02 9.927907E-06 +/-  2.777666E-08
7.505000E+02 9.885039E-06 +/-  2.769040E-08
7.515000E+02 9.822889E-06 +/-  2.747193E-08
7.525000E+02 9.757351E-06 +/-  2.727819E-08
7.535000E+02 9.719479E-06 +/-  2.719340E-08
7.545000E+02 9.616304E-06 +/-  2.699889E-08
7.555000E+02 9.578274E-06 +/-  2.704271E-08
7.565000E+02 9.518387E-06 +/-  2.692095E-08
7.575000E+02 9.474654E-06 +/-  2.678603E-08
7.585000E+02 9.402222E-06 +/-  2.656197E-08
7.595000E+02 9.362680E-06 +/-  2.641690E-08
7.605000E+02 9.329334E-06 +/-  2.639346E-08
7.615000E+02 9.243043E-06 +/-  2.628143E-08
7.625000E+02 9.190798E-06 +/-  2.625737E-08
7.635000E+02 9.150983E-06 +/-  2.612335E-08
7.645000E+02 9.068026E-06 +/-  2.589022E-08
7.655000E+02 9.018663E-06 +/-  2.576440E-08
7.665000E+02 8.977131E-06 +/-  2.558793E-08
7.675000E+02 8.918513E-06 +/-  2.553251E-08
7.685000E+02 8.881654E-06 +/-  2.556091E-08
7.695000E+02 8.801028E-06 +/-  2.546430E-08
7.705000E+02 8.789680E-06 +/-  2.533920E-08
7.715000E+02 8.718110E-06 +/-  2.514675E-08
7.725000E+02 8.651892E-06 +/-  2.497623E-08
7.735000E+02 8.611337E-06 +/-  2.481284E-08
7.745000E+02 8.579530E-06 +/-  2.484547E-08
7.755000E+02 8.486762E-06 +/-  2.472654E-08
7.765000E+02 8.492038E-06 +/-  2.475504E-08
7.775000E+02 8.434736E-06 +/-  2.461292E-08
7.785000E+02 8.334386E-06 +/-  2.435229E-08
7.795000E+02 8.315600E-06 +/-  2.424821E-08
7.805000E+02 8.282452E-06 +/-  2.413018E-08
7.815000E+02 8.226477E-06 +/-  2.407767E-08
7.825000E+02 8.145864E-06 +/-  2.395466E-08
7.835000E+02 8.127035E-06 +/-  2.399200E-08
7.845000E+02 8.094817E-06 +/-  2.389677E-08
7.855000E+02 8.015390E-06 +/-  2.368625E-08
7.865000E+02 8.021917E-06 +/-  2.366750E-08
7.875000E+02 7.936063E-06 +/-  2.337404E-08
7.885000E+02 7.877502E-06 +/-  2.327777E-08
7.895000E+02 7.871454E-06 +/-  2.334016E-08
7.905000E+02 7.804808E-06 +/-  2.325284E-08
7.915000E+02 7.774068E-06 +/-  2.321709E-08
7.925000E+02 7.715642E-06 +/-  2.306350E-08
7.935000E+02 7.669906E-06 +/-  2.291825E-08
7.945000E+02 7.624898E-06 +/-  2.276305E-08
7.955000E+02 7.594780E-06 +/-  2.267911E-08
7.965000E+02 7.538816E-06 +/-  2.256676E-08
7.975000E+02 7.483171E-06 +/-  2.250821E-08
7.985000E+02 7.473711E-06 +/-  2.249990E-08
7.995000E+02 7.402559E-06 +/-  2.244069E-08
8.005000E+02 7.365720E-06 +/-  2.230836E-08
8.015000E+02 7.320771E-06 +/-  2.215172E-08
8.025000E+02 7.307054E-06 +/-  2.209017E-08
8.035000E+02 7.266387E-06 +/-  2.200316E-08
8.045000E+02 7.182095E-06 +/-  2.179191E-08
8.055000E+02 7.174442E-06 +/-  2.177813E-08
8.065000E+02 7.118631E-06 +/-  2.175446E-08
8.075000E+02 7.106213E-06 +/-  2.173760E-08
8.085000E+02 7.047524E-06 +/-  2.160808E-08
8.095000E+02 6.980048E-06 +/-  2.144889E-08
8.105000E+02 6.960510E-06 +/-  2.138071E-08
8.115000E+02 6.954735E-06 +/-  2.131598E-08
8.125000E+02 6.885756E-06 +/-  2.113057E-08
8.135000E+02 6.855357E-06 +/-  2.101511E-08
8.145000E+02 6.790553E-06 +/-  2.101413E-08
8.155000E+02 6.798355E-06 +/-  2.099794E-08
8.165000E+02 6.744103E-06 +/-  2.093616E-08
8.175000E+02 6.667762E-06 +/-  2.079568E-08
8.185000E+02 6.660246E-06 +/-  2.075912E-08
8.195000E+02 6.627960E-06 +/-  2.062519E-08
8.205000E+02 6.577552E-06 +/-  2.048430E-08
8.215000E+02 6.560471E-06 +/-  2.038681E-08
8.225000E+02 6.516469E-06 +/-  2.025253E-08
8.235000E+02 6.492120E-06 +/-  2.030237E-08
8.245000E+02 6.429545E-06 +/-  2.020894E-08
8.255000E+02 6.428070E-06 +/-  2.021717E-08
8.265000E+02 6.351364E-06 +/-  2.012598E-08
8.275000E+02 6.329553E-06 +/-  2.002420E-08
8.285000E+02 6.324015E-06 +/-  1.993855E-08
8.295000E+02 6.285039E-06 +/-  1.981113E-08
8.305000E+02 6.195726E-06 +/-  1.960065E-08
8.315000E+02 6.226337E-06 +/-  1.960878E-08
8.325000E+02 6.145164E-06 +/-  1.948322E-08
8.335000E+02 6.132201E-06 +/-  1.954796E-08
8.345000E+02 6.109908E-06 +/-  1.948505E-08
8.355000E+02 6.053241E-06 +/-  1.942598E-08
8.365000E+02 6.051529E-06 +/-  1.937393E-08
8.375000E+02 5.987647E-06 +/-  1.921267E-08
8.385000E+02 5.946858E-06 +/-  1.907609E-08
8.395000E+02 5.954476E-06 +/-  1.903427E-08
8.405000E+02 5.887490E-06 +/-  1.886843E-08
8.415000E+02 5.844073E-06 +/-  1.884838E-08
8.425000E+02 5.850148E-06 +/-  1.884359E-08
8.435000E+02 5.827831E-06 +/-  1.882048E-08
8.445000E+02 5.779027E-06 +/-  1.874724E-08
8.455000E+02 5.760520E-06 +/-  1.872468E-08
8.465000E+02 5.676667E-06 +/-  1.858072E-08
8.475000E+02 5.692133E-06 +/-  1.855012E-08
8.485000E+02 5.642456E-06 +/-  1.840995E-08
8.495000E+02 5.630416E-06 +/-  1.835702E-08
8.505000E+02 5.580493E-06 +/-  1.822138E-08
8.515000E+02 5.551009E-06 +/-  1.819155E-08
8.525000E+02 5.540579E-06 +/-  1.813834E-08
8.535000E+02 5.508208E-06 +/-  1.801771E-08
8.545000E+02 5.469444E-06 +/-  1.798586E-08
8.555000E+02 5.433292E-06 +/-  1.791983E-08
8.565000E+02 5.424114E-06 +/-  1.794545E-08
8.575000E+02 5.375840E-06 +/-  1.784616E-08
8.585000E+02 5.355925E-06 +/-  1.779597E-08
8.595000E+02 5.295655E-06 +/-  1.763894E-08
8.605000E+02 5.314841E-06 +/-  1.759773E-08
8.615000E+02 5.281722E-06 +/-  1.754181E-08
8.625000E+02 5.260374E-06 +/-  1.749879E-08
8.635000E+02 5.200815E-06 +/-  1.733484E-08
8.645000E+02 5.180194E-06 +/-  1.724533E-08
8.655000E+02 5.156851E-06 +/-  1.716822E-08
8.665000E+02 5.142300E-06 +/-  1.725545E-08
8.675000E+02 5.076504E-06 +/-  1.714471E-08
8.685000E+02 5.087609E-06 +/-  1.718348E-08
8.695000E+02 5.051182E-06 +/-  1.705946E-08
8.705000E+02 5.032495E-06 +/-  1.697978E-08
8.715000E+02 5.020792E-06 +/-  1.689745E-08
8.725000E+02 4.954284E-06 +/-  1.680245E-08
8.735000E+02 4.943996E-06 +/-  1.674407E-08
8.745000E+02 4.922039E-06 +/-  1.667947E-08
8.755000E+02 4.887902E-06 +/-  1.659027E-08
8.765000E+02 4.847110E-06 +/-  1.646908E-08
8.775000E+02 4.876516E-06 +/-  1.646137E-08
8.785000E+02 4.804944E-06 +/-  1.642440E-08
8.795000E+02 4.766595E-06 +/-  1.638842E-08
8.805000E+02 4.779378E-06 +/-  1.644249E-08
8.815000E+02 4.740309E-06 +/-  1.631469E-08
8.825000E+02 4.730146E-06 +/-  1.624581E-08
8.835000E+02 4.690929E-06 +/-  1.622142E-08
8.845000E+02 4.668414E-06 +/-  1.618920E-08
8.855000E+02 4.648072E-06 +/-  1.608964E-08
8.865000E+02 4.615273E-06 +/-  1.598717E-08
8.875000E+02 4.608169E-06 +/-  1.592411E-08
8.885000E+02 4.535471E-06 +/-  1.574797E-08
8.895000E+02 4.575748E-06 +/-  1.577375E-08
8.905000E+02 4.536462E-06 +/-  1.565428E-08
8.915000E+02 4.507669E-06 +/-  1.568740E-08
8.925000E+02 4.481423E-06 +/-  1.573682E-08
8.935000E+02 4.440685E-06 +/-  1.566418E-08
8.945000E+02 4.439111E-06 +/-  1.560911E-08
8.955000E+02 4.398683E-06 +/-  1.557877E-08
8.965000E+02 4.393454E-06 +/-  1.551893E-08
8.975000E+02 4.361069E-06 +/-  1.542134E-08
8.985000E+02 4.338654E-06 +/-  1.532695E-08
8.995000E+02 4.323909E-06 +/-  1.525281E-08
9.005000E+02 4.323559E-06 +/-  1.521134E-08
9.015000E+02 4.269342E-06 +/-  1.508733E-08
9.025000E+02 4.244759E-06 +/-  1.500391E-08
9.035000E+02 4.221201E-06 +/-  1.491814E-08
9.045000E+02 4.195995E-06 +/-  1.483061E-08
9.055000E+02 4.182517E-06 +/-  1.488186E-08
9.065000E+02 4.189806E-06 +/-  1.496571E-08
9.075000E+02 4.165718E-06 +/-  1.492701E-08
9.085000E+02 4.119532E-06 +/-  1.481799E-08
9.095000E+02 4.096127E-06 +/-  1.472839E-08
9.105000E+02 4.087674E-06 +/-  1.467248E-08
9.115000E+02 4.063238E-06 +/-  1.460480E-08
9.125000E+02 4.032604E-06 +/-  1.450782E-08
9.135000E+02 4.049099E-06 +/-  1.449215E-08
9.145000E+02 3.985465E-06 +/-  1.432443E-08
9.155000E+02 3.965549E-06 +/-  1.425143E-08
9.165000E+02 3.965496E-06 +/-  1.421162E-08
9.175000E+02 3.934426E-06 +/-  1.411515E-08
9.185000E+02 3.927827E-06 +/-  1.404575E-08
9.195000E+02 3.906368E-06 +/-  1.397599E-08
