 u,U -> m,M
x-axis: "Mass{p3+p4}&"  from 320.000000 to 620.000000 N_bins= 300
Diff. cross section [pb/GeV]
3.205000E+02 1.096780E-03 +/-  2.530345E-06
3.215000E+02 1.084553E-03 +/-  2.502565E-06
3.225000E+02 1.071553E-03 +/-  2.472202E-06
3.235000E+02 1.056224E-03 +/-  2.426986E-06
3.245000E+02 1.043360E-03 +/-  2.400978E-06
3.255000E+02 1.030347E-03 +/-  2.370608E-06
3.265000E+02 1.020413E-03 +/-  2.355832E-06
3.275000E+02 1.005984E-03 +/-  2.310766E-06
3.285000E+02 9.969333E-04 +/-  2.304528E-06
3.295000E+02 9.786482E-04 +/-  2.263423E-06
3.305000E+02 9.706412E-04 +/-  2.246759E-06
3.315000E+02 9.578285E-04 +/-  2.221424E-06
3.325000E+02 9.468695E-04 +/-  2.189943E-06
3.335000E+02 9.328053E-04 +/-  2.156393E-06
3.345000E+02 9.253554E-04 +/-  2.141960E-06
3.355000E+02 9.100387E-04 +/-  2.109583E-06
3.365000E+02 9.018232E-04 +/-  2.095963E-06
3.375000E+02 8.925814E-04 +/-  2.081488E-06
3.385000E+02 8.795656E-04 +/-  2.053705E-06
3.395000E+02 8.704258E-04 +/-  2.044460E-06
3.405000E+02 8.591598E-04 +/-  2.016549E-06
3.415000E+02 8.480037E-04 +/-  1.985243E-06
3.425000E+02 8.390841E-04 +/-  1.962929E-06
3.435000E+02 8.279788E-04 +/-  1.942259E-06
3.445000E+02 8.209339E-04 +/-  1.927215E-06
3.455000E+02 8.097853E-04 +/-  1.919669E-06
3.465000E+02 8.009329E-04 +/-  1.901769E-06
3.475000E+02 7.914224E-04 +/-  1.874772E-06
3.485000E+02 7.813723E-04 +/-  1.854017E-06
3.495000E+02 7.730068E-04 +/-  1.835950E-06
3.505000E+02 7.635132E-04 +/-  1.816431E-06
3.515000E+02 7.553386E-04 +/-  1.795796E-06
3.525000E+02 7.470570E-04 +/-  1.783711E-06
3.535000E+02 7.382601E-04 +/-  1.763267E-06
3.545000E+02 7.284953E-04 +/-  1.743904E-06
3.555000E+02 7.206967E-04 +/-  1.731695E-06
3.565000E+02 7.135745E-04 +/-  1.718620E-06
3.575000E+02 7.060831E-04 +/-  1.705471E-06
3.585000E+02 6.959358E-04 +/-  1.677072E-06
3.595000E+02 6.885004E-04 +/-  1.659046E-06
3.605000E+02 6.809164E-04 +/-  1.640615E-06
3.615000E+02 6.735757E-04 +/-  1.628984E-06
3.625000E+02 6.669382E-04 +/-  1.628918E-06
3.635000E+02 6.565078E-04 +/-  1.606474E-06
3.645000E+02 6.517096E-04 +/-  1.593486E-06
3.655000E+02 6.439951E-04 +/-  1.574434E-06
3.665000E+02 6.370408E-04 +/-  1.559335E-06
3.675000E+02 6.301689E-04 +/-  1.543128E-06
3.685000E+02 6.204340E-04 +/-  1.520409E-06
3.695000E+02 6.158962E-04 +/-  1.514085E-06
3.705000E+02 6.082334E-04 +/-  1.505014E-06
3.715000E+02 6.024417E-04 +/-  1.490372E-06
3.725000E+02 5.962588E-04 +/-  1.485497E-06
3.735000E+02 5.892923E-04 +/-  1.462476E-06
3.745000E+02 5.833641E-04 +/-  1.449332E-06
3.755000E+02 5.764838E-04 +/-  1.439954E-06
3.765000E+02 5.698290E-04 +/-  1.419750E-06
3.775000E+02 5.644890E-04 +/-  1.411246E-06
3.785000E+02 5.561579E-04 +/-  1.389592E-06
3.795000E+02 5.523782E-04 +/-  1.392093E-06
3.805000E+02 5.449412E-04 +/-  1.370133E-06
3.815000E+02 5.403974E-04 +/-  1.357395E-06
3.825000E+02 5.340104E-04 +/-  1.350048E-06
3.835000E+02 5.274275E-04 +/-  1.343001E-06
3.845000E+02 5.243256E-04 +/-  1.332694E-06
3.855000E+02 5.166398E-04 +/-  1.316117E-06
3.865000E+02 5.111012E-04 +/-  1.303158E-06
3.875000E+02 5.075638E-04 +/-  1.295971E-06
3.885000E+02 5.001214E-04 +/-  1.279445E-06
3.895000E+02 4.962004E-04 +/-  1.271209E-06
3.905000E+02 4.901678E-04 +/-  1.260624E-06
3.915000E+02 4.841975E-04 +/-  1.245654E-06
3.925000E+02 4.811812E-04 +/-  1.240806E-06
3.935000E+02 4.743550E-04 +/-  1.230725E-06
3.945000E+02 4.704882E-04 +/-  1.220437E-06
3.955000E+02 4.653145E-04 +/-  1.208604E-06
3.965000E+02 4.613515E-04 +/-  1.199926E-06
3.975000E+02 4.543184E-04 +/-  1.190626E-06
3.985000E+02 4.527025E-04 +/-  1.184843E-06
3.995000E+02 4.462842E-04 +/-  1.172222E-06
4.005000E+02 4.417284E-04 +/-  1.157490E-06
4.015000E+02 4.373437E-04 +/-  1.151728E-06
4.025000E+02 4.312168E-04 +/-  1.140130E-06
4.035000E+02 4.284576E-04 +/-  1.134118E-06
4.045000E+02 4.243951E-04 +/-  1.123797E-06
4.055000E+02 4.187334E-04 +/-  1.112363E-06
4.065000E+02 4.167006E-04 +/-  1.108330E-06
4.075000E+02 4.109044E-04 +/-  1.095213E-06
4.085000E+02 4.060082E-04 +/-  1.087288E-06
4.095000E+02 4.033255E-04 +/-  1.078561E-06
4.105000E+02 3.994188E-04 +/-  1.072727E-06
4.115000E+02 3.940705E-04 +/-  1.061543E-06
4.125000E+02 3.918570E-04 +/-  1.053718E-06
4.135000E+02 3.859257E-04 +/-  1.046483E-06
4.145000E+02 3.838537E-04 +/-  1.038360E-06
4.155000E+02 3.782442E-04 +/-  1.026957E-06
4.165000E+02 3.766063E-04 +/-  1.026975E-06
4.175000E+02 3.714757E-04 +/-  1.013727E-06
4.185000E+02 3.671356E-04 +/-  1.003795E-06
4.195000E+02 3.649085E-04 +/-  1.000328E-06
4.205000E+02 3.619232E-04 +/-  9.924295E-07
4.215000E+02 3.563881E-04 +/-  9.852464E-07
4.225000E+02 3.530399E-04 +/-  9.778405E-07
4.235000E+02 3.516236E-04 +/-  9.699208E-07
4.245000E+02 3.466435E-04 +/-  9.615534E-07
4.255000E+02 3.427251E-04 +/-  9.545622E-07
4.265000E+02 3.397349E-04 +/-  9.456932E-07
4.275000E+02 3.374059E-04 +/-  9.471683E-07
4.285000E+02 3.333308E-04 +/-  9.337942E-07
4.295000E+02 3.315332E-04 +/-  9.286564E-07
4.305000E+02 3.267661E-04 +/-  9.187909E-07
4.315000E+02 3.232829E-04 +/-  9.108327E-07
4.325000E+02 3.216350E-04 +/-  9.064815E-07
4.335000E+02 3.175976E-04 +/-  9.037800E-07
4.345000E+02 3.147275E-04 +/-  8.949416E-07
4.355000E+02 3.124207E-04 +/-  8.871712E-07
4.365000E+02 3.083524E-04 +/-  8.812737E-07
4.375000E+02 3.058752E-04 +/-  8.735144E-07
4.385000E+02 3.032375E-04 +/-  8.658038E-07
4.395000E+02 2.998009E-04 +/-  8.648398E-07
4.405000E+02 2.976080E-04 +/-  8.590188E-07
4.415000E+02 2.940940E-04 +/-  8.495216E-07
4.425000E+02 2.916986E-04 +/-  8.434609E-07
4.435000E+02 2.883887E-04 +/-  8.367299E-07
4.445000E+02 2.858249E-04 +/-  8.308595E-07
4.455000E+02 2.840468E-04 +/-  8.241140E-07
4.465000E+02 2.808429E-04 +/-  8.244263E-07
4.475000E+02 2.775502E-04 +/-  8.159510E-07
4.485000E+02 2.769042E-04 +/-  8.103757E-07
4.495000E+02 2.727170E-04 +/-  8.021094E-07
4.505000E+02 2.700564E-04 +/-  7.964928E-07
4.515000E+02 2.693643E-04 +/-  7.952732E-07
4.525000E+02 2.643632E-04 +/-  7.822590E-07
4.535000E+02 2.632293E-04 +/-  7.841329E-07
4.545000E+02 2.603425E-04 +/-  7.786322E-07
4.555000E+02 2.579455E-04 +/-  7.704975E-07
4.565000E+02 2.568982E-04 +/-  7.657460E-07
4.575000E+02 2.538505E-04 +/-  7.612318E-07
4.585000E+02 2.505957E-04 +/-  7.563226E-07
4.595000E+02 2.502017E-04 +/-  7.515527E-07
4.605000E+02 2.469934E-04 +/-  7.446042E-07
4.615000E+02 2.444589E-04 +/-  7.427967E-07
4.625000E+02 2.410081E-04 +/-  7.366391E-07
4.635000E+02 2.395418E-04 +/-  7.297015E-07
4.645000E+02 2.393956E-04 +/-  7.257046E-07
4.655000E+02 2.359928E-04 +/-  7.240564E-07
4.665000E+02 2.337088E-04 +/-  7.180420E-07
4.675000E+02 2.306437E-04 +/-  7.084661E-07
4.685000E+02 2.293777E-04 +/-  7.056646E-07
4.695000E+02 2.273381E-04 +/-  7.029623E-07
4.705000E+02 2.257019E-04 +/-  7.007091E-07
4.715000E+02 2.231668E-04 +/-  6.931583E-07
4.725000E+02 2.212676E-04 +/-  6.876497E-07
4.735000E+02 2.190110E-04 +/-  6.842804E-07
4.745000E+02 2.173911E-04 +/-  6.818580E-07
4.755000E+02 2.163911E-04 +/-  6.761288E-07
4.765000E+02 2.141122E-04 +/-  6.691139E-07
4.775000E+02 2.113839E-04 +/-  6.659255E-07
4.785000E+02 2.103052E-04 +/-  6.616331E-07
4.795000E+02 2.076142E-04 +/-  6.596532E-07
4.805000E+02 2.069474E-04 +/-  6.571277E-07
4.815000E+02 2.039239E-04 +/-  6.490804E-07
4.825000E+02 2.022258E-04 +/-  6.435396E-07
4.835000E+02 2.010986E-04 +/-  6.441969E-07
4.845000E+02 1.998775E-04 +/-  6.388720E-07
4.855000E+02 1.969641E-04 +/-  6.302768E-07
4.865000E+02 1.960130E-04 +/-  6.300480E-07
4.875000E+02 1.934722E-04 +/-  6.233636E-07
4.885000E+02 1.931406E-04 +/-  6.232060E-07
4.895000E+02 1.912191E-04 +/-  6.226768E-07
4.905000E+02 1.886583E-04 +/-  6.147620E-07
4.915000E+02 1.873853E-04 +/-  6.099731E-07
4.925000E+02 1.853460E-04 +/-  6.036645E-07
4.935000E+02 1.843208E-04 +/-  6.052488E-07
4.945000E+02 1.828380E-04 +/-  5.986943E-07
4.955000E+02 1.809291E-04 +/-  5.946413E-07
4.965000E+02 1.791461E-04 +/-  5.933808E-07
4.975000E+02 1.782357E-04 +/-  5.892405E-07
4.985000E+02 1.763555E-04 +/-  5.833552E-07
4.995000E+02 1.754079E-04 +/-  5.820689E-07
5.005000E+02 1.728652E-04 +/-  5.782978E-07
5.015000E+02 1.724275E-04 +/-  5.751699E-07
5.025000E+02 1.707846E-04 +/-  5.694350E-07
5.035000E+02 1.694453E-04 +/-  5.658277E-07
5.045000E+02 1.677332E-04 +/-  5.658199E-07
5.055000E+02 1.661327E-04 +/-  5.617617E-07
5.065000E+02 1.648633E-04 +/-  5.615393E-07
5.075000E+02 1.637742E-04 +/-  5.568471E-07
5.085000E+02 1.618171E-04 +/-  5.505251E-07
5.095000E+02 1.614540E-04 +/-  5.473751E-07
5.105000E+02 1.594673E-04 +/-  5.412444E-07
5.115000E+02 1.580835E-04 +/-  5.408043E-07
5.125000E+02 1.566085E-04 +/-  5.380006E-07
5.135000E+02 1.562917E-04 +/-  5.362904E-07
5.145000E+02 1.541328E-04 +/-  5.304442E-07
5.155000E+02 1.537002E-04 +/-  5.290022E-07
5.165000E+02 1.510206E-04 +/-  5.256336E-07
5.175000E+02 1.510272E-04 +/-  5.278754E-07
5.185000E+02 1.490094E-04 +/-  5.211029E-07
5.195000E+02 1.478918E-04 +/-  5.168158E-07
5.205000E+02 1.471691E-04 +/-  5.132198E-07
5.215000E+02 1.453241E-04 +/-  5.075071E-07
5.225000E+02 1.447671E-04 +/-  5.052560E-07
5.235000E+02 1.432925E-04 +/-  5.004046E-07
5.245000E+02 1.423480E-04 +/-  5.016902E-07
5.255000E+02 1.413574E-04 +/-  4.999630E-07
5.265000E+02 1.390673E-04 +/-  4.937204E-07
5.275000E+02 1.393219E-04 +/-  4.917908E-07
5.285000E+02 1.375544E-04 +/-  4.910406E-07
5.295000E+02 1.364621E-04 +/-  4.943216E-07
5.305000E+02 1.351203E-04 +/-  4.892581E-07
5.315000E+02 1.348316E-04 +/-  4.881489E-07
5.325000E+02 1.334545E-04 +/-  4.828590E-07
5.335000E+02 1.320737E-04 +/-  4.782421E-07
5.345000E+02 1.313172E-04 +/-  4.742089E-07
5.355000E+02 1.300806E-04 +/-  4.698807E-07
5.365000E+02 1.290689E-04 +/-  4.655052E-07
5.375000E+02 1.283827E-04 +/-  4.624301E-07
5.385000E+02 1.270533E-04 +/-  4.583205E-07
5.395000E+02 1.261007E-04 +/-  4.623607E-07
5.405000E+02 1.249361E-04 +/-  4.588684E-07
5.415000E+02 1.243130E-04 +/-  4.595623E-07
5.425000E+02 1.227613E-04 +/-  4.548834E-07
5.435000E+02 1.220830E-04 +/-  4.590538E-07
5.445000E+02 1.210692E-04 +/-  4.546726E-07
5.455000E+02 1.203184E-04 +/-  4.518083E-07
5.465000E+02 1.197019E-04 +/-  4.480761E-07
5.475000E+02 1.179069E-04 +/-  4.425607E-07
5.485000E+02 1.171697E-04 +/-  4.391548E-07
5.495000E+02 1.163566E-04 +/-  4.366274E-07
5.505000E+02 1.158148E-04 +/-  4.335218E-07
5.515000E+02 1.141475E-04 +/-  4.278724E-07
5.525000E+02 1.142945E-04 +/-  4.268879E-07
5.535000E+02 1.129596E-04 +/-  4.223136E-07
5.545000E+02 1.121381E-04 +/-  4.197317E-07
5.555000E+02 1.107554E-04 +/-  4.238336E-07
5.565000E+02 1.106936E-04 +/-  4.248763E-07
5.575000E+02 1.093915E-04 +/-  4.197418E-07
5.585000E+02 1.090679E-04 +/-  4.178512E-07
5.595000E+02 1.080218E-04 +/-  4.211912E-07
5.605000E+02 1.066326E-04 +/-  4.167877E-07
5.615000E+02 1.059367E-04 +/-  4.139689E-07
5.625000E+02 1.060229E-04 +/-  4.124598E-07
5.635000E+02 1.046565E-04 +/-  4.076776E-07
5.645000E+02 1.040063E-04 +/-  4.046946E-07
5.655000E+02 1.025592E-04 +/-  3.991706E-07
5.665000E+02 1.020078E-04 +/-  3.964519E-07
5.675000E+02 1.011032E-04 +/-  3.934815E-07
5.685000E+02 1.007025E-04 +/-  3.907557E-07
5.695000E+02 1.001368E-04 +/-  3.919034E-07
5.705000E+02 9.903076E-05 +/-  3.894680E-07
5.715000E+02 9.830930E-05 +/-  3.861589E-07
5.725000E+02 9.755420E-05 +/-  3.826359E-07
5.735000E+02 9.727355E-05 +/-  3.806550E-07
5.745000E+02 9.694156E-05 +/-  3.874389E-07
5.755000E+02 9.468067E-05 +/-  3.810098E-07
5.765000E+02 9.516210E-05 +/-  3.804281E-07
5.775000E+02 9.385709E-05 +/-  3.823162E-07
5.785000E+02 9.385019E-05 +/-  3.823262E-07
5.795000E+02 9.277398E-05 +/-  3.793043E-07
5.805000E+02 9.236865E-05 +/-  3.765315E-07
5.815000E+02 9.133179E-05 +/-  3.724715E-07
5.825000E+02 9.025258E-05 +/-  3.685144E-07
5.835000E+02 8.994225E-05 +/-  3.657746E-07
5.845000E+02 8.929080E-05 +/-  3.632943E-07
5.855000E+02 8.895489E-05 +/-  3.648811E-07
5.865000E+02 8.804307E-05 +/-  3.613048E-07
5.875000E+02 8.713658E-05 +/-  3.577325E-07
5.885000E+02 8.664156E-05 +/-  3.555528E-07
5.895000E+02 8.584260E-05 +/-  3.524856E-07
5.905000E+02 8.558778E-05 +/-  3.505340E-07
5.915000E+02 8.528294E-05 +/-  3.487248E-07
5.925000E+02 8.436497E-05 +/-  3.448654E-07
5.935000E+02 8.345943E-05 +/-  3.419197E-07
5.945000E+02 8.334420E-05 +/-  3.396458E-07
5.955000E+02 8.229177E-05 +/-  3.398105E-07
5.965000E+02 8.175971E-05 +/-  3.417372E-07
5.975000E+02 8.089762E-05 +/-  3.417075E-07
5.985000E+02 8.074375E-05 +/-  3.427722E-07
5.995000E+02 8.032092E-05 +/-  3.413745E-07
6.005000E+02 7.918147E-05 +/-  3.370737E-07
6.015000E+02 7.884983E-05 +/-  3.352080E-07
6.025000E+02 7.838282E-05 +/-  3.362052E-07
6.035000E+02 7.811411E-05 +/-  3.335284E-07
6.045000E+02 7.692503E-05 +/-  3.294225E-07
6.055000E+02 7.640699E-05 +/-  3.269980E-07
6.065000E+02 7.610837E-05 +/-  3.252199E-07
6.075000E+02 7.597035E-05 +/-  3.232439E-07
6.085000E+02 7.483641E-05 +/-  3.196631E-07
6.095000E+02 7.419776E-05 +/-  3.169632E-07
6.105000E+02 7.415527E-05 +/-  3.159502E-07
6.115000E+02 7.342763E-05 +/-  3.134313E-07
6.125000E+02 7.299875E-05 +/-  3.108053E-07
6.135000E+02 7.290869E-05 +/-  3.097088E-07
6.145000E+02 7.147470E-05 +/-  3.046876E-07
6.155000E+02 7.117513E-05 +/-  3.027414E-07
6.165000E+02 7.057617E-05 +/-  2.999315E-07
6.175000E+02 7.019992E-05 +/-  2.982050E-07
6.185000E+02 7.042156E-05 +/-  2.976957E-07
6.195000E+02 6.990975E-05 +/-  2.953673E-07
